"NAME","TOTAL","OCCUPIED","VACANT","OWNER","OWNED_MORT","OWNED_FREE","RENTER","state","county"
"Autauga County, Alabama","23697","21559","2138","16088","9592","6496","4770","01","001"
"Baldwin County, Alabama","116747","84047","32700","64716","37858","26858","17016","01","003"
"Barbour County, Alabama","12057","9322","2735","5775","2588","3187","3198","01","005"
"Bibb County, Alabama","9237","7259","1978","5428","2071","3357","1550","01","007"
"Blount County, Alabama","24404","21205","3199","16132","8096","8036","3852","01","009"
"Bullock County, Alabama","4591","3429","1162","2531","1026","1505","757","01","011"
"Butler County, Alabama","10119","6649","3470","4872","1695","3177","1392","01","013"
"Calhoun County, Alabama","53722","44572","9150","31370","16904","14466","11756","01","015"
"Lewis County, Kentucky","6580","5226","1354","4012","1738","2274","658","21","135"
"Lincoln County, Kentucky","11055","9677","1378","7573","3763","3810","1707","21","137"
"Livingston County, Kentucky","4879","3803","1076","3218","1538","1680","308","21","139"
"Logan County, Kentucky","12361","10459","1902","7423","3843","3580","2629","21","141"
"Lyon County, Kentucky","4891","3266","1625","2732","1325","1407","458","21","143"
"McCracken County, Kentucky","32237","27787","4450","17930","9535","8395","9265","21","145"
"McCreary County, Kentucky","7542","6187","1355","4179","2021","2158","1640","21","147"
"Madison County, Kentucky","36978","33876","3102","20518","12554","7964","12424","21","151"
"Marion County, Kentucky","8336","7433","903","5446","2616","2830","1767","21","155"
"Marshall County, Kentucky","16229","13119","3110","10926","5446","5480","1988","21","157"
"Mason County, Kentucky","8168","6523","1645","4510","2327","2183","1805","21","161"
"Meade County, Kentucky","12530","10690","1840","7965","4982","2983","2482","21","163"
"Mercer County, Kentucky","10195","8718","1477","6394","3647","2747","2240","21","167"
"Metcalfe County, Kentucky","4753","4187","566","3278","1179","2099","725","21","169"
"Montgomery County, Kentucky","12088","10653","1435","7195","4355","2840","3213","21","173"
"Morgan County, Kentucky","6013","4796","1217","3677","1612","2065","695","21","175"
"Nelson County, Kentucky","19211","17991","1220","14043","8463","5580","3610","21","179"
"Nicholas County, Kentucky","3293","2714","579","1893","926","967","744","21","181"
"Oldham County, Kentucky","22225","21259","966","18376","13250","5126","2563","21","185"
"Owen County, Kentucky","5753","4246","1507","3431","1720","1711","732","21","187"
"Pendleton County, Kentucky","6381","5250","1131","3719","2128","1591","1405","21","191"
"Pike County, Kentucky","31045","25506","5539","18448","6337","12111","5014","21","195"
"Powell County, Kentucky","5677","4698","979","3292","1663","1629","1120","21","197"
"Robertson County, Kentucky","1106","859","247","624","317","307","209","21","201"
"Rockcastle County, Kentucky","7881","6609","1272","5059","2139","2920","1032","21","203"
"Russell County, Kentucky","10150","7122","3028","5345","2294","3051","1444","21","207"
"Scott County, Kentucky","22535","21186","1349","15326","11205","4121","5358","21","209"
"Simpson County, Kentucky","7927","7181","746","4599","2786","1813","2440","21","213"
"Spencer County, Kentucky","7368","6899","469","5994","4375","1619","835","21","215"
"Todd County, Kentucky","5356","4655","701","3124","1565","1559","1304","21","219"
"Trimble County, Kentucky","4007","3398","609","2641","1331","1310","661","21","223"
"Union County, Kentucky","6246","5176","1070","3683","1879","1804","1282","21","225"
"Washington County, Kentucky","5206","4702","504","3538","2059","1479","1082","21","229"
"Wayne County, Kentucky","10946","8298","2648","6133","2427","3706","1836","21","231"
"Whitley County, Kentucky","15490","12685","2805","8680","3803","4877","3223","21","235"
"Wolfe County, Kentucky","3731","2991","740","1879","643","1236","884","21","237"
"Androscoggin County, Maine","50053","45906","4147","29796","20061","9735","15494","23","001"
"Aroostook County, Maine","40007","29594","10413","21666","11138","10528","7285","23","003"
"Franklin County, Maine","22265","12426","9839","9632","5417","4215","2474","23","007"
"Hancock County, Maine","41461","24116","17345","18505","10547","7958","4938","23","009"
"Knox County, Maine","24468","17497","6971","13759","7947","5812","3318","23","013"
"Lincoln County, Maine","24073","15665","8408","12319","7289","5030","2871","23","015"
"Penobscot County, Maine","76088","63073","13015","44198","24924","19274","17854","23","019"
"Piscataquis County, Maine","15508","7180","8328","5529","2532","2997","1374","23","021"
"Somerset County, Maine","30963","21645","9318","16564","8403","8161","4406","23","025"
"Washington County, Maine","23381","13830","9551","10735","5008","5727","2587","23","029"
"York County, Maine","111067","86919","24148","64632","42387","22245","21010","23","031"
"Anoka County, Minnesota","133277","129308","3969","104555","74828","29727","23967","27","003"
"Becker County, Minnesota","19889","13942","5947","10987","6267","4720","2675","27","005"
"Beltrami County, Minnesota","21767","17882","3885","12128","6699","5429","5391","27","007"
"Benton County, Minnesota","17286","16482","804","10841","6911","3930","5476","27","009"
"Big Stone County, Minnesota","3124","2294","830","1621","718","903","565","27","011"
"Blue Earth County, Minnesota","28791","26390","2401","16170","10142","6028","9859","27","013"
"Brown County, Minnesota","11750","10643","1107","8149","4320","3829","2366","27","015"
"Carlton County, Minnesota","16148","13811","2337","11023","7113","3910","2483","27","017"
"Carver County, Minnesota","38892","37386","1506","30689","23011","7678","6411","27","019"
"Cass County, Minnesota","26098","13249","12849","10641","5772","4869","2348","27","021"
"Chippewa County, Minnesota","5681","5133","548","3480","2118","1362","1519","27","023"
"Chisago County, Minnesota","22174","20370","1804","17606","12748","4858","2606","27","025"
"Meigs County, Tennessee","5923","5079","844","4056","1763","2293","785","47","121"
"Montgomery County, Tennessee","82742","74606","8136","45436","33419","12017","27951","47","125"
"Moore County, Tennessee","3069","2599","470","2176","1131","1045","264","47","127"
"Obion County, Tennessee","14615","12633","1982","8110","3962","4148","3741","47","131"
"Overton County, Tennessee","10385","8969","1416","6993","2865","4128","1541","47","133"
"Pickett County, Tennessee","3509","2211","1298","1787","547","1240","320","47","137"
"Polk County, Tennessee","9076","7448","1628","5544","2479","3065","1433","47","139"
"Rhea County, Tennessee","14782","12324","2458","9085","3985","5100","2756","47","143"
"Roane County, Tennessee","25690","21596","4094","16337","8347","7990","4724","47","145"
"Rutherford County, Tennessee","122071","115249","6822","75174","54309","20865","38636","47","149"
"Scott County, Tennessee","10035","8625","1410","6152","2788","3364","2215","47","151"
"Sequatchie County, Tennessee","6515","5539","976","4231","2060","2171","1100","47","153"
"Shelby County, Tennessee","406026","356607","49419","195260","127067","68193","155532","47","157"
"Smith County, Tennessee","8838","7688","1150","5821","2990","2831","1590","47","159"
"Sullivan County, Tennessee","75518","66645","8873","48071","24882","23189","16354","47","163"
"Sumner County, Tennessee","73422","68654","4768","50292","34198","16094","17171","47","165"
"Trousdale County, Tennessee","3685","3398","287","2532","1702","830","753","47","169"
"Unicoi County, Tennessee","8914","7683","1231","5573","2442","3131","1836","47","171"
"Van Buren County, Tennessee","2697","2242","455","1793","616","1177","295","47","175"
"Warren County, Tennessee","18018","15515","2503","10902","4839","6063","3872","47","177"
"Wayne County, Tennessee","7353","5737","1616","4507","2161","2346","900","47","181"
"Weakley County, Tennessee","15613","13563","2050","8765","4201","4564","4473","47","183"
"Williamson County, Tennessee","84582","81041","3541","64377","45020","19357","15631","47","187"
"Wilson County, Tennessee","54867","51348","3519","39082","26068","13014","11373","47","189"
"Box Elder County, Utah","19094","17811","1283","13614","8957","4657","3973","49","003"
"Cache County, Utah","42311","39581","2730","24772","16191","8581","14342","49","005"
"Daggett County, Utah","1314","169","1145","120","31","89","32","49","009"
"Davis County, Utah","110622","107104","3518","83205","60865","22340","23041","49","011"
"Emery County, Utah","4620","3732","888","2811","1299","1512","632","49","015"
"Garfield County, Utah","3915","1851","2064","1453","620","833","356","49","017"
"Grand County, Utah","5554","4442","1112","2912","1313","1599","1381","49","019"
"Iron County, Utah","21742","17381","4361","11340","7604","3736","5746","49","021"
"Juab County, Utah","3813","3478","335","2722","1793","929","683","49","023"
"Kane County, Utah","6098","2847","3251","2196","1197","999","475","49","025"
"Millard County, Utah","5103","4293","810","3160","1864","1296","998","49","027"
"Morgan County, Utah","3657","3434","223","3039","2084","955","330","49","029"
"Piute County, Utah","981","590","391","525","223","302","47","49","031"
"Rich County, Utah","3066","641","2425","470","235","235","122","49","033"
"Salt Lake County, Utah","404550","383324","21226","258905","186227","72678","120876","49","035"
"San Juan County, Utah","6027","4577","1450","3575","1128","2447","838","49","037"
"Sanpete County, Utah","10813","8887","1926","6862","4345","2517","1809","49","039"
"Sevier County, Utah","8894","7487","1407","5905","3520","2385","1469","49","041"
"Summit County, Utah","28329","14474","13855","11308","7995","3313","2756","49","043"
"Tooele County, Utah","22585","21147","1438","17074","13238","3836","3838","49","045"
"Uintah County, Utah","13792","10739","3053","8242","4717","3525","2283","49","047"
"Utah County, Utah","180088","171899","8189","116732","86514","30218","53560","49","049"
"Wasatch County, Utah","13786","10505","3281","7754","5271","2483","2411","49","051"
"Washington County, Utah","71482","59699","11783","41927","25855","16072","16601","49","053"
"Wayne County, Utah","1695","995","700","730","359","371","240","49","055"
"Weber County, Utah","93165","85205","7960","63658","45403","18255","20842","49","057"
"Bennington County, Vermont","21189","14585","6604","10699","6345","4354","3599","50","003"
"Caledonia County, Vermont","16452","12618","3834","9470","5385","4085","2882","50","005"
"Essex County, Vermont","5209","2882","2327","2393","1204","1189","392","50","009"
"Franklin County, Vermont","22706","19045","3661","14762","10268","4494","3938","50","011"
"Lamoille County, Vermont","13817","10770","3047","7761","5017","2744","2601","50","015"
"Orange County, Vermont","15516","12670","2846","10219","5940","4279","2195","50","017"
"Rutland County, Vermont","34552","25349","9203","18126","10886","7240","6851","50","021"
"Washington County, Vermont","30894","25310","5584","17793","11184","6609","7201","50","023"
"Windsor County, Vermont","35016","24629","10387","18629","10393","8236","5733","50","027"
"Accomack County, Virginia","21299","13641","7658","8861","4281","4580","3863","51","001"
"Watonwan County, Minnesota","5054","4371","683","3367","1726","1641","936","27","165"
"Cass County, Missouri","42312","40397","1915","30476","20530","9946","9182","29","037"
"Christian County, Missouri","34791","32487","2304","24272","16324","7948","7743","29","043"
"Clinton County, Missouri","9040","8100","940","6305","3952","2353","1678","29","049"
"Crawford County, Missouri","12108","9798","2310","7137","3866","3271","2269","29","055"
"Daviess County, Missouri","4189","3002","1187","2402","1149","1253","474","29","061"
"Douglas County, Missouri","6520","5317","1203","4392","2011","2381","723","29","067"
"Gasconade County, Missouri","8168","6154","2014","4871","2627","2244","1074","29","073"
"Grundy County, Missouri","5005","3900","1105","2622","1074","1548","1161","29","079"
"Hickory County, Missouri","6886","4012","2874","3348","1407","1941","594","29","085"
"Howell County, Missouri","18312","15557","2755","10614","5333","5281","4227","29","091"
"Jasper County, Missouri","51786","46461","5325","29558","17463","12095","15505","29","097"
"Johnson County, Missouri","22348","19931","2417","12439","7333","5106","7193","29","101"
"Lafayette County, Missouri","14851","12711","2140","9013","4866","4147","3332","29","107"
"Lincoln County, Missouri","21821","19818","2003","15920","9994","5926","3684","29","113"
"McDonald County, Missouri","9992","8393","1599","5715","3033","2682","2125","29","119"
"Maries County, Missouri","4609","3808","801","2796","1169","1627","803","29","125"
"Miller County, Missouri","12942","10452","2490","7681","4199","3482","2387","29","131"
"Monroe County, Missouri","4854","3731","1123","2802","1079","1723","788","29","137"
"New Madrid County, Missouri","8609","7281","1328","4540","2000","2540","2141","29","143"
"Oregon County, Missouri","5466","4298","1168","3137","1286","1851","980","29","149"
"Pemiscot County, Missouri","8162","6640","1522","3545","1744","1801","2720","29","155"
"Shannon County, Missouri","4179","3063","1116","2293","977","1316","571","29","203"
"Stone County, Missouri","21253","12689","8564","10571","5341","5230","1792","29","209"
"Texas County, Missouri","11719","9852","1867","7505","3625","3880","1954","29","215"
"Washington County, Missouri","11080","9278","1802","7092","3408","3684","1675","29","221"
"Worth County, Missouri","1270","808","462","659","267","392","93","29","227"
"St. Louis city, Missouri","176955","143566","33389","63338","40420","22918","77733","29","510"
"Bay County, Florida","104060","73536","30524","49474","28321","21153","23003","12","005"
"Broward County, Florida","826382","704942","121440","442633","266217","176416","255427","12","011"
"Citrus County, Florida","80222","64621","15601","53954","23693","30261","9570","12","017"
"Columbia County, Florida","29155","25205","3950","18301","9388","8913","5971","12","023"
"Duval County, Florida","413084","369704","43380","211163","139263","71900","152837","12","031"
"Franklin County, Florida","8764","4691","4073","3557","1320","2237","885","12","037"
"Glades County, Florida","7099","4859","2240","3894","1050","2844","900","12","043"
"Hardee County, Florida","9786","7991","1795","5354","2214","3140","2389","12","049"
"Highlands County, Florida","55919","42721","13198","32883","12261","20622","8831","12","055"
"Indian River County, Florida","81185","60959","20226","48767","22302","26465","11320","12","061"
"Lafayette County, Florida","3344","2315","1029","1802","643","1159","416","12","067"
"Leon County, Florida","131341","116530","14811","61283","39218","22065","53672","12","073"
"Liberty County, Florida","3494","2513","981","1977","670","1307","344","12","077"
"Marion County, Florida","170926","145863","25063","109169","54075","55094","33303","12","083"
"Monroe County, Florida","53759","32794","20965","19388","9241","10147","12742","12","087"
"Okeechobee County, Florida","18734","14601","4133","10921","5135","5786","3310","12","093"
"Arthur County, Nebraska","256","192","64","135","28","107","32","31","005"
"Boone County, Nebraska","2634","2261","373","1745","690","1055","439","31","011"
"Brown County, Nebraska","1854","1333","521","1052","407","645","221","31","017"
"Butler County, Nebraska","4066","3387","679","2629","1211","1418","661","31","023"
"Wadena County, Minnesota","7165","5748","1417","4223","2386","1837","1307","27","159"
"Chase County, Nebraska","1989","1591","398","1235","562","673","285","31","029"
"Clay County, Nebraska","3007","2575","432","2076","861","1215","426","31","035"
"Cuming County, Nebraska","4258","3854","404","2554","1019","1535","1191","31","039"
"Dawes County, Nebraska","4239","3555","684","2256","1029","1227","1155","31","045"
"Dixon County, Nebraska","2711","2376","335","1773","727","1046","485","31","051"
"Dundy County, Nebraska","1098","842","256","648","287","361","100","31","057"
"Frontier County, Nebraska","1569","1136","433","785","319","466","226","31","063"
"Garden County, Nebraska","1258","929","329","711","240","471","146","31","069"
"Grant County, Nebraska","416","297","119","205","56","149","29","31","075"
"Hamilton County, Nebraska","4144","3622","522","2872","1692","1180","657","31","081"
"Cherokee County, Alabama","16631","10836","5795","8477","3229","5248","1650","01","019"
"Chilton County, Alabama","19897","17140","2757","12878","5956","6922","3523","01","021"
"Choctaw County, Alabama","7410","5330","2080","4350","1163","3187","636","01","023"
"Clarke County, Alabama","12813","9323","3490","6761","2504","4257","1900","01","025"
"Clay County, Alabama","6832","5153","1679","3947","1733","2214","970","01","027"
"Cleburne County, Alabama","6859","5835","1024","4515","1904","2611","1026","01","029"
"Coffee County, Alabama","23313","19951","3362","13527","7673","5854","5742","01","031"
"Colbert County, Alabama","26727","21797","4930","15609","7638","7971","5370","01","033"
"Conecuh County, Alabama","7203","4585","2618","3426","996","2430","980","01","035"
"Coosa County, Alabama","6615","4016","2599","3256","1485","1771","511","01","037"
"Crenshaw County, Alabama","6834","5011","1823","3842","1244","2598","940","01","041"
"Cullman County, Alabama","38056","31733","6323","23734","11764","11970","6928","01","043"
"Dallas County, Alabama","20427","15409","5018","8731","3625","5106","5772","01","047"
"DeKalb County, Alabama","31424","26365","5059","19275","8698","10577","5404","01","049"
"Escambia County, Alabama","16618","12931","3687","8593","3354","5239","3596","01","053"
"Etowah County, Alabama","47805","38765","9040","28285","14074","14211","9338","01","055"
"Franklin County, Alabama","14082","11017","3065","7828","3305","4523","2567","01","059"
"Greene County, Alabama","5131","3178","1953","2179","499","1680","653","01","063"
"Hale County, Alabama","7847","5490","2357","4154","1512","2642","803","01","065"
"Houston County, Alabama","47798","39784","8014","26229","15325","10904","12607","01","069"
"Jackson County, Alabama","25135","20367","4768","15731","7074","8657","3800","01","071"
"Lamar County, Alabama","7410","5631","1779","4100","1605","2495","1258","01","075"
"Lauderdale County, Alabama","45272","38513","6759","26209","13041","13168","10965","01","077"
"Lee County, Alabama","70256","60731","9525","38483","23734","14749","20865","01","081"
"Lowndes County, Alabama","5251","4213","1038","3163","1376","1787","574","01","085"
"Macon County, Alabama","10311","7592","2719","4917","1986","2931","1984","01","087"
"Marengo County, Alabama","10377","7499","2878","5232","1768","3464","1742","01","091"
"Marion County, Alabama","14754","11780","2974","8936","4012","4924","2485","01","093"
"Mobile County, Alabama","184321","157557","26764","100955","59941","41014","51445","01","097"
"Monroe County, Alabama","11451","8050","3401","5463","1759","3704","1498","01","099"
"Morgan County, Alabama","52248","46388","5860","33496","17544","15952","11334","01","103"
"Pickens County, Alabama","9620","7731","1889","5870","2199","3671","1410","01","107"
"Pike County, Alabama","16241","11700","4541","7431","3689","3742","3910","01","109"
"Russell County, Alabama","27912","23694","4218","14324","7923","6401","8842","01","113"
"St. Clair County, Alabama","36982","32765","4217","26355","15849","10506","5507","01","115"
"Sumter County, Alabama","6917","5355","1562","3367","1248","2119","1603","01","119"
"Tallapoosa County, Alabama","22565","16359","6206","12248","5664","6584","3408","01","123"
"Tuscaloosa County, Alabama","91719","74713","17006","47018","30014","17004","25917","01","125"
"Washington County, Alabama","8603","5830","2773","5215","1667","3548","469","01","129"
"Wilcox County, Alabama","5804","3961","1843","2770","817","1953","665","01","131"
"Alameda County, California","605767","573174","32593","307281","223180","84101","258874","06","001"
"Alpine County, California","1794","397","1397","321","170","151","73","06","003"
"Butte County, California","93968","83879","10089","49887","29789","20098","32147","06","007"
"Colusa County, California","8153","7329","824","4651","2730","1921","2433","06","011"
"Contra Costa County, California","415067","398299","16768","266238","194862","71376","127647","06","013"
"El Dorado County, California","91569","73078","18491","55193","37505","17688","17127","06","017"
"Fresno County, California","333357","310097","23260","166420","115553","50867","137835","06","019"
"Chambers County, Alabama","16985","13582","3403","9133","4274","4859","3953","01","017"
"Humboldt County, California","63003","54120","8883","30761","17525","13236","22045","06","023"
"Imperial County, California","57855","45768","12087","26589","16501","10088","18277","06","025"
"Kern County, California","299179","273556","25623","161113","109460","51653","107202","06","029"
"Kings County, California","46267","43604","2663","23368","16133","7235","19069","06","031"
"Lassen County, California","12766","9172","3594","6291","3561","2730","2602","06","035"
"Madera County, California","50480","44479","6001","29270","19549","9721","14189","06","039"
"Marin County, California","112319","104900","7419","66719","46610","20109","36944","06","041"
"Mariposa County, California","10525","7846","2679","5520","2755","2765","2064","06","043"
"Mendocino County, California","40874","34164","6710","20611","10113","10498","12457","06","045"
"Merced County, California","86691","81306","5385","42480","27033","15447","35916","06","047"
"Modoc County, California","5259","3594","1665","2752","1118","1634","706","06","049"
"Clay County, Minnesota","26800","24695","2105","16442","11329","5113","7860","27","027"
"Clearwater County, Minnesota","4802","3452","1350","2787","1438","1349","590","27","029"
"Cook County, Minnesota","6169","2608","3561","2012","1105","907","525","27","031"
"Cottonwood County, Minnesota","5418","4915","503","3730","1807","1923","942","27","033"
"Crow Wing County, Minnesota","42326","27605","14721","21094","13044","8050","6162","27","035"
"Dakota County, Minnesota","168252","163463","4789","122750","88670","34080","39680","27","037"
"Dodge County, Minnesota","8338","7776","562","6636","4493","2143","1060","27","039"
"Douglas County, Minnesota","21340","16810","4530","12430","7814","4616","4099","27","041"
"Faribault County, Minnesota","7034","6074","960","4677","2282","2395","1261","27","043"
"Fillmore County, Minnesota","10002","8652","1350","7030","4152","2878","1426","27","045"
"Goodhue County, Minnesota","20678","19623","1055","14712","9477","5235","4524","27","049"
"Grant County, Minnesota","3308","2578","730","2042","1089","953","481","27","051"
"Houston County, Minnesota","8762","8286","476","6752","3465","3287","1354","27","055"
"Hubbard County, Minnesota","14861","8792","6069","7227","4014","3213","1370","27","057"
"Itasca County, Minnesota","27764","19529","8235","16090","9167","6923","3120","27","061"
"Kanabec County, Minnesota","7969","6631","1338","5521","3306","2215","992","27","065"
"Kandiyohi County, Minnesota","19988","16853","3135","12442","7595","4847","4129","27","067"
"Koochiching County, Minnesota","7936","5796","2140","4565","2638","1927","1131","27","071"
"Lac qui Parle County, Minnesota","3680","3048","632","2516","1113","1403","439","27","073"
"Lake of the Woods County, Minnesota","3843","1522","2321","1308","520","788","202","27","077"
"Le Sueur County, Minnesota","12788","11191","1597","9011","6028","2983","2000","27","079"
"Lyon County, Minnesota","11302","10067","1235","6909","3948","2961","3011","27","083"
"McLeod County, Minnesota","15923","14736","1187","11250","6959","4291","3325","27","085"
"Marshall County, Minnesota","4797","3952","845","3291","1483","1808","574","27","089"
"Martin County, Minnesota","9953","8824","1129","6484","3489","2995","2087","27","091"
"Mille Lacs County, Minnesota","12991","10535","2456","7987","5180","2807","2314","27","095"
"Morrison County, Minnesota","16245","13536","2709","10712","6300","4412","2563","27","097"
"Murray County, Minnesota","4657","3659","998","2956","1326","1630","527","27","101"
"Nicollet County, Minnesota","13600","12821","779","9420","5928","3492","3324","27","103"
"Norman County, Minnesota","3434","2771","663","2232","1070","1162","457","27","107"
"Olmsted County, Minnesota","66667","63561","3106","45901","29997","15904","16905","27","109"
"Pennington County, Minnesota","6587","5976","611","4450","2561","1889","1437","27","113"
"Pine County, Minnesota","17688","11132","6556","9105","5333","3772","1749","27","115"
"Polk County, Minnesota","15020","12619","2401","9021","4999","4022","3263","27","119"
"Pope County, Minnesota","6652","5010","1642","4017","2322","1695","844","27","121"
"Red Lake County, Minnesota","1940","1713","227","1408","671","737","263","27","125"
"Redwood County, Minnesota","7344","6262","1082","4863","2230","2633","1257","27","127"
"Rice County, Minnesota","25161","23183","1978","17247","10899","6348","5682","27","131"
"Rock County, Minnesota","4296","3990","306","2979","1668","1311","952","27","133"
"St. Louis County, Minnesota","105010","86229","18781","61414","35999","25415","23467","27","137"
"Scott County, Minnesota","52071","50487","1584","42211","32608","9603","7996","27","139"
"Sibley County, Minnesota","6606","6015","591","4736","2666","2070","1100","27","143"
"Stearns County, Minnesota","65095","59576","5519","41162","25467","15695","17821","27","145"
"Stevens County, Minnesota","4252","3683","569","2553","1354","1199","1026","27","149"
"Swift County, Minnesota","4830","4243","587","3017","1400","1617","1128","27","151"
"Traverse County, Minnesota","2091","1590","501","1238","486","752","284","27","155"
"Wabasha County, Minnesota","10248","9081","1167","7204","4284","2920","1711","27","157"
"Waseca County, Minnesota","7933","7547","386","5982","3623","2359","1386","27","161"
"Washington County, Minnesota","99696","95796","3900","78168","55425","22743","16880","27","163"
"Wilkin County, Minnesota","3142","2799","343","2259","1292","967","479","27","167"
"Winona County, Minnesota","21258","19466","1792","14012","8791","5221","5187","27","169"
"Wright County, Minnesota","52587","49097","3490","40724","29747","10977","7853","27","171"
"Yellow Medicine County, Minnesota","4763","4088","675","3320","1679","1641","673","27","173"
"Adair County, Missouri","11595","9078","2517","5589","2874","2715","3214","29","001"
"Andrew County, Missouri","7337","6799","538","5340","2954","2386","1344","29","003"
"Atchison County, Missouri","2947","2549","398","1762","757","1005","656","29","005"
"Audrain County, Missouri","10909","9349","1560","6595","3498","3097","2405","29","007"
"Barry County, Missouri","17656","13872","3784","10275","5312","4963","3049","29","009"
"Barton County, Missouri","5601","4830","771","3318","1305","2013","1284","29","011"
"Alleghany County, Virginia","8036","6529","1507","5170","2190","2980","1066","51","005"
"Amelia County, Virginia","5626","5034","592","4184","2285","1899","733","51","007"
"Appomattox County, Virginia","7362","6158","1204","4741","2680","2061","1112","51","011"
"Arlington County, Virginia","116248","108604","7644","46205","33868","12337","61403","51","013"
"Bath County, Virginia","3336","1831","1505","1499","678","821","280","51","017"
"Bedford County, Virginia","36930","31424","5506","26448","15213","11235","4472","51","019"
"Botetourt County, Virginia","14959","13171","1788","11291","6644","4647","1646","51","023"
"Brunswick County, Virginia","8238","6138","2100","4545","2180","2365","1217","51","025"
"Buckingham County, Virginia","7456","5948","1508","4391","2293","2098","1200","51","029"
"Campbell County, Virginia","25997","23157","2840","16916","9091","7825","5369","51","031"
"Carroll County, Virginia","16738","12134","4604","9619","3990","5629","2025","51","035"
"Charles City County, Virginia","3382","2998","384","2531","1362","1169","380","51","036"
"Charlotte County, Virginia","6351","4836","1515","3295","1250","2045","1109","51","037"
"Clarke County, Virginia","6394","5690","704","4415","3278","1137","1036","51","043"
"Craig County, Virginia","2856","2219","637","1575","687","888","612","51","045"
"Cumberland County, Virginia","4747","4112","635","3128","1737","1391","861","51","049"
"Dickenson County, Virginia","7579","5727","1852","4298","1679","2619","990","51","051"
"Essex County, Virginia","5876","4551","1325","3100","1738","1362","1213","51","057"
"Fairfax County, Virginia","415149","398653","16496","273428","205899","67529","122109","51","059"
"Floyd County, Virginia","8076","6657","1419","5726","2457","3269","746","51","063"
"Fluvanna County, Virginia","11048","9967","1081","8215","5827","2388","1200","51","065"
"Frederick County, Virginia","34817","32094","2723","24939","17112","7827","6499","51","069"
"Giles County, Virginia","8360","6715","1645","5128","2417","2711","1351","51","071"
"Goochland County, Virginia","9511","8711","800","7466","4851","2615","969","51","075"
"Grayson County, Virginia","9262","6388","2874","5367","2036","3331","805","51","077"
"Greensville County, Virginia","4192","3441","751","2473","1167","1306","853","51","081"
"Halifax County, Virginia","18215","14155","4060","10592","5095","5497","2880","51","083"
"Henrico County, Virginia","138225","130434","7791","83448","60341","23107","45772","51","087"
"Henry County, Virginia","26193","21012","5181","15121","6505","8616","5135","51","089"
"Isle of Wight County, Virginia","15866","14611","1255","11220","7273","3947","2902","51","093"
"James City County, Virginia","33699","29681","4018","22709","15586","7123","6670","51","095"
"King and Queen County, Virginia","3508","2816","692","2382","1384","998","274","51","097"
"King George County, Virginia","10162","9387","775","7137","5192","1945","2119","51","099"
"King William County, Virginia","7107","6393","714","5651","3933","1718","575","51","101"
"Lancaster County, Virginia","7632","5287","2345","4010","2130","1880","1119","51","103"
"Lee County, Virginia","11800","8843","2957","6130","2121","4009","1830","51","105"
"Loudoun County, Virginia","136398","132565","3833","103019","86735","16284","28511","51","107"
"Louisa County, Virginia","17626","14383","3243","11407","7416","3991","2625","51","109"
"Lunenburg County, Virginia","5994","4472","1522","3187","1298","1889","1054","51","111"
"Madison County, Virginia","6112","5098","1014","4004","2532","1472","615","51","113"
"Mathews County, Virginia","5758","3881","1877","3247","1744","1503","568","51","115"
"Mecklenburg County, Virginia","19019","12371","6648","8962","4603","4359","2765","51","117"
"Middlesex County, Virginia","7352","4764","2588","3746","1894","1852","950","51","119"
"Montgomery County, Virginia","40674","35388","5286","19618","10699","8919","15129","51","121"
"Nelson County, Virginia","10219","6398","3821","4805","2774","2031","1129","51","125"
"New Kent County, Virginia","8694","8117","577","7302","5202","2100","717","51","127"
"Northampton County, Virginia","7434","5151","2283","3244","1693","1551","1516","51","131"
"Northumberland County, Virginia","9321","5686","3635","5081","2530","2551","473","51","133"
"Nottoway County, Virginia","6813","5568","1245","3748","1850","1898","1659","51","135"
"Orange County, Virginia","15254","13926","1328","10890","7562","3328","2368","51","137"
"Page County, Virginia","11783","9413","2370","6760","3487","3273","2049","51","139"
"Patrick County, Virginia","10227","7830","2397","6064","2553","3511","1269","51","141"
"Powhatan County, Virginia","11091","10392","699","9647","6758","2889","642","51","145"
"Prince Edward County, Virginia","9468","7394","2074","4671","2717","1954","2465","51","147"
"Prince George County, Virginia","12545","11763","782","8065","5228","2837","3514","51","149"
"Pulaski County, Virginia","17289","14666","2623","10184","5560","4624","4004","51","155"
"Rappahannock County, Virginia","3994","2827","1167","2181","1240","941","551","51","157"
"Roanoke County, Virginia","41036","38234","2802","28547","17947","10600","9381","51","161"
"Hitchcock County, Nebraska","1741","1228","513","949","308","641","221","31","087"
"Howard County, Nebraska","3109","2732","377","2007","1081","926","563","31","093"
"Kearney County, Nebraska","2976","2691","285","1969","910","1059","572","31","099"
"Kimball County, Nebraska","1943","1612","331","1112","413","699","404","31","105"
"Lincoln County, Nebraska","16857","14765","2092","9962","5456","4506","4482","31","111"
"McPherson County, Nebraska","251","199","52","157","45","112","18","31","117"
"Morrill County, Nebraska","2439","1969","470","1480","623","857","353","31","123"
"Nemaha County, Nebraska","3496","2912","584","2117","1106","1011","655","31","127"
"Valley County, Nebraska","2260","1844","416","1431","666","765","316","31","175"
"Wayne County, Nebraska","3949","3793","156","2549","1308","1241","1163","31","179"
"York County, Nebraska","6354","5685","669","4184","2157","2027","1355","31","185"
"Douglas County, Nevada","24570","21071","3499","15688","9549","6139","4978","32","005"
"Eureka County, Nevada","1150","661","489","485","115","370","160","32","011"
"Lincoln County, Nevada","2733","2003","730","1453","838","615","501","32","017"
"Nye County, Nevada","22448","19253","3195","13771","7276","6495","4988","32","023"
"Washoe County, Nevada","201401","186116","15285","107732","73224","34508","76989","32","031"
"Belknap County, New Hampshire","38782","25576","13206","19588","12250","7338","5535","33","001"
"Coos County, New Hampshire","21641","13967","7674","10091","4629","5462","3648","33","007"
"Merrimack County, New Hampshire","65284","59209","6075","42947","27945","15002","15644","33","013"
"Sullivan County, New Hampshire","22716","17281","5435","12571","7060","5511","4578","33","019"
"Ascension Parish, Louisiana","48380","44029","4351","36304","23596","12708","6805","22","005"
"Beauregard Parish, Louisiana","16013","13812","2201","10973","4463","6510","2317","22","011"
"Caddo Parish, Louisiana","113427","96043","17384","59011","32357","26654","33315","22","017"
"Cameron Parish, Louisiana","4275","2902","1373","2567","986","1581","134","22","023"
"Concordia Parish, Louisiana","9670","6694","2976","4895","1892","3003","1255","22","029"
"East Carroll Parish, Louisiana","2821","1688","1133","959","269","690","540","22","035"
"Franklin Parish, Louisiana","9371","7503","1868","5425","1890","3535","1598","22","041"
"Iberville Parish, Louisiana","13533","11105","2428","8313","3579","4734","1957","22","047"
"Jefferson Davis Parish, Louisiana","14045","11565","2480","8736","4119","4617","2351","22","053"
"St. Mary Parish, Louisiana","23557","19633","3924","11910","4334","7576","5346","22","101"
"Tensas Parish, Louisiana","3433","1814","1619","1276","399","877","350","22","107"
"Union Parish, Louisiana","11932","8399","3533","6768","2345","4423","1270","22","111"
"Washington Parish, Louisiana","21762","17794","3968","12657","4843","7814","3789","22","117"
"West Carroll Parish, Louisiana","5211","4126","1085","3195","936","2259","529","22","123"
"Allegany County, New York","26376","18028","8348","14266","6510","7756","3348","36","003"
"Cattaraugus County, New York","41681","31999","9682","23090","11362","11728","8145","36","009"
"Chemung County, New York","38983","34328","4655","23069","12353","10716","10861","36","015"
"Columbia County, New York","33622","25323","8299","18530","10082","8448","6100","36","021"
"Dutchess County, New York","121161","110095","11066","75080","47404","27676","33490","36","027"
"Essex County, New York","26390","16182","10208","12363","6079","6284","3436","36","031"
"Genesee County, New York","25826","24174","1652","17501","10442","7059","6170","36","037"
"Herkimer County, New York","33850","25093","8757","18647","9370","9277","5884","36","043"
"Lewis County, New York","15766","10398","5368","8407","4240","4167","1761","36","049"
"Monroe County, New York","329105","305210","23895","193319","125067","68252","109343","36","055"
"New York County, New York","884828","758720","126108","182507","91002","91505","564817","36","061"
"Onondaga County, New York","209068","187349","21719","121902","75906","45996","63141","36","067"
"Orleans County, New York","18576","16634","1942","12491","7164","5327","3808","36","073"
"Putnam County, New York","38652","34915","3737","28797","20060","8737","5738","36","079"
"Richmond County, New York","180883","167160","13723","114975","76544","38431","49471","36","085"
"Anson County, North Carolina","11656","9803","1853","6556","3082","3474","2812","37","007"
"Beaufort County, North Carolina","26249","20219","6030","14600","7067","7533","4930","37","013"
"Brunswick County, North Carolina","92178","59416","32762","48090","28819","19271","10049","37","019"
"Cabarrus County, North Carolina","81102","72843","8259","53160","37996","15164","18588","37","025"
"Carteret County, North Carolina","50595","30060","20535","21537","11937","9600","7508","37","031"
"Chatham County, North Carolina","33027","29904","3123","23005","13893","9112","5900","37","037"
"Cleveland County, North Carolina","43714","36089","7625","24670","12637","12033","10262","37","045"
"Cumberland County, North Carolina","146978","127532","19446","65638","44044","21594","58669","37","051"
"Davidson County, North Carolina","75465","67555","7910","48642","28059","20583","17305","37","057"
"Monterey County, California","141910","128003","13907","66346","44196","22150","59951","06","053"
"Napa County, California","55339","48484","6855","31424","20107","11317","16140","06","055"
"Nevada County, California","53905","40917","12988","30605","18695","11910","9641","06","057"
"Orange County, California","1101244","1040001","61243","595228","416650","178578","434099","06","059"
"Placer County, California","166083","145714","20369","106894","76413","30481","37405","06","061"
"Plumas County, California","15873","8332","7541","6077","3267","2810","2052","06","063"
"Riverside County, California","845066","736413","108653","497259","347770","149489","230553","06","065"
"Sacramento County, California","572916","547519","25397","314234","223683","90551","226192","06","067"
"San Benito County, California","19215","18389","826","12013","9220","2793","6049","06","069"
"San Bernardino County, California","721376","640090","81286","384774","273488","111286","246919","06","071"
"San Diego County, California","1215528","1130703","84825","609350","434507","174843","508535","06","073"
"San Francisco County, California","398613","362141","36472","137679","89811","47868","219267","06","075"
"San Joaquin County, California","245192","231092","14100","133381","94968","38413","94211","06","077"
"San Luis Obispo County, California","122256","106244","16012","66635","43072","23563","38004","06","079"
"San Mateo County, California","278756","263351","15405","157703","109636","48067","102797","06","081"
"Santa Clara County, California","668896","635314","33582","358228","249944","108284","270454","06","085"
"Santa Cruz County, California","105819","96275","9544","58094","39213","18881","36461","06","087"
"Sierra County, California","2337","1250","1087","917","459","458","275","06","091"
"Solano County, California","159055","151191","7864","93839","68861","24978","55044","06","095"
"Sonoma County, California","206498","188958","17540","115845","77461","38384","69805","06","097"
"Sutter County, California","34394","32586","1808","19267","12383","6884","12598","06","101"
"Tehama County, California","27618","24661","2957","16282","9779","6503","7626","06","103"
"Tulare County, California","150079","139044","11035","79353","54387","24966","56203","06","107"
"Tuolumne County, California","31572","22937","8635","16886","10179","6707","5523","06","109"
"Yolo County, California","78565","74614","3951","38280","26177","12103","34891","06","113"
"Yuba County, California","28632","26434","2198","16089","11028","5061","9883","06","115"
"Ashley County, Arkansas","10186","7716","2470","5958","2268","3690","1398","05","003"
"Baxter County, Arkansas","22953","18727","4226","14346","6744","7602","4008","05","005"
"Boone County, Arkansas","17025","15043","1982","10835","5405","5430","3623","05","009"
"Calhoun County, Arkansas","2943","1754","1189","1465","445","1020","243","05","013"
"Carroll County, Arkansas","13764","11079","2685","8320","3905","4415","2367","05","015"
"Clark County, Arkansas","10559","8336","2223","4920","2394","2526","3102","05","019"
"Clay County, Arkansas","8024","6476","1548","4363","1632","2731","1718","05","021"
"Cleveland County, Arkansas","4123","3170","953","2470","957","1513","510","05","025"
"Columbia County, Arkansas","11698","8456","3242","5820","2501","3319","2203","05","027"
"Craighead County, Arkansas","46156","42203","3953","24055","14260","9795","16794","05","031"
"Crittenden County, Arkansas","21790","19021","2769","10806","6436","4370","7709","05","035"
"Cross County, Arkansas","7985","6568","1417","4363","2247","2116","1815","05","037"
"Desha County, Arkansas","6292","5059","1233","3137","1288","1849","1587","05","041"
"Drew County, Arkansas","8640","7207","1433","4840","2259","2581","2014","05","043"
"Franklin County, Arkansas","8018","6671","1347","4842","2310","2532","1469","05","047"
"Fulton County, Arkansas","6847","5014","1833","4139","1738","2401","717","05","049"
"Grant County, Arkansas","8049","7049","1000","5377","2444","2933","1380","05","053"
"Hempstead County, Arkansas","10570","8100","2470","5548","2567","2981","1976","05","057"
"Hot Spring County, Arkansas","14490","12515","1975","9946","5165","4781","2274","05","059"
"Independence County, Arkansas","16600","14325","2275","10417","5673","4744","3198","05","063"
"Izard County, Arkansas","7312","4911","2401","3836","1723","2113","796","05","065"
"Mono County, California","14092","5196","8896","3535","2419","1116","1472","06","051"
"Jefferson County, Arkansas","33372","26630","6742","16490","7953","8537","9260","05","069"
"Johnson County, Arkansas","11536","9792","1744","7098","3532","3566","2397","05","071"
"Lawrence County, Arkansas","8030","6584","1446","4534","1850","2684","1656","05","075"
"Lincoln County, Arkansas","4693","3598","1095","2801","1131","1670","540","05","079"
"Little River County, Arkansas","6534","5292","1242","4124","1791","2333","890","05","081"
"Lonoke County, Arkansas","29737","27218","2519","19350","12328","7022","6882","05","085"
"Madison County, Arkansas","7595","6045","1550","4855","2042","2813","887","05","087"
"Miller County, Arkansas","19576","16237","3339","10676","4897","5779","5175","05","091"
"Monroe County, Arkansas","4445","3234","1211","1997","663","1334","1074","05","095"
"Montgomery County, Arkansas","5875","3706","2169","3122","1238","1884","370","05","097"
"Bates County, Missouri","7835","6565","1270","4602","2372","2230","1705","29","013"
"Benton County, Missouri","14252","8060","6192","6697","2864","3833","1152","29","015"
"Bollinger County, Missouri","5877","4426","1451","3657","1695","1962","632","29","017"
"Boone County, Missouri","78373","71919","6454","40288","26059","14229","30818","29","019"
"Buchanan County, Missouri","38822","33642","5180","20882","11867","9015","11749","29","021"
"Butler County, Missouri","19868","16358","3510","10454","5054","5400","5518","29","023"
"Caldwell County, Missouri","4694","3703","991","2817","1453","1364","783","29","025"
"Callaway County, Missouri","18984","16233","2751","12104","7278","4826","3678","29","027"
"Camden County, Missouri","41985","17300","24685","14093","8058","6035","2865","29","029"
"Cape Girardeau County, Missouri","34398","30215","4183","19916","12631","7285","9664","29","031"
"Carroll County, Missouri","4649","3518","1131","2550","1152","1398","722","29","033"
"Carter County, Missouri","3256","2334","922","1675","812","863","522","29","035"
"Cedar County, Missouri","7273","5573","1700","3899","2108","1791","1447","29","039"
"Chariton County, Missouri","4148","2723","1425","2104","723","1381","479","29","041"
"Clark County, Missouri","3503","2633","870","2003","778","1225","542","29","045"
"Clay County, Missouri","98719","92514","6205","63246","44480","18766","28289","29","047"
"Cole County, Missouri","33478","30291","3187","20331","12150","8181","9588","29","051"
"Cooper County, Missouri","7494","6342","1152","4712","2653","2059","1427","29","053"
"Dade County, Missouri","3955","3028","927","2239","1044","1195","594","29","057"
"Dallas County, Missouri","7689","6412","1277","4836","2569","2267","1310","29","059"
"DeKalb County, Missouri","4354","3800","554","2645","1348","1297","1017","29","063"
"Dent County, Missouri","7328","6355","973","4545","2204","2341","1574","29","065"
"Dunklin County, Missouri","14448","12119","2329","7472","3382","4090","4160","29","069"
"Franklin County, Missouri","45507","41127","4380","31765","19626","12139","8993","29","071"
"Gentry County, Missouri","3210","2495","715","1897","830","1067","550","29","075"
"Greene County, Missouri","134450","127532","6918","71746","44675","27071","53039","29","077"
"Harrison County, Missouri","4380","3361","1019","2311","934","1377","876","29","081"
"Henry County, Missouri","10971","9284","1687","6604","3447","3157","2379","29","083"
"Holt County, Missouri","2793","2010","783","1539","608","931","365","29","087"
"Howard County, Missouri","4594","3460","1134","2754","1528","1226","660","29","089"
"Iron County, Missouri","5314","4102","1212","3001","1381","1620","914","29","093"
"Jackson County, Missouri","325759","291532","34227","170399","108693","61706","116350","29","095"
"Jefferson County, Missouri","91528","84978","6550","67585","43978","23607","16001","29","099"
"Knox County, Missouri","2275","1400","875","1190","451","739","154","29","103"
"Laclede County, Missouri","16047","14413","1634","9795","5357","4438","4110","29","105"
"Lawrence County, Missouri","16700","14849","1851","10586","5869","4717","3806","29","109"
"Lewis County, Missouri","4544","3597","947","2751","1393","1358","790","29","111"
"Linn County, Missouri","6382","5002","1380","3795","1675","2120","1140","29","115"
"Livingston County, Missouri","6841","5907","934","3940","1777","2163","1829","29","117"
"Macon County, Missouri","7698","5908","1790","4391","2097","2294","1405","29","121"
"Madison County, Missouri","5984","4851","1133","3419","1789","1630","1316","29","123"
"Marion County, Missouri","13069","11537","1532","7467","3954","3513","3560","29","127"
"Mercer County, Missouri","2124","1333","791","1049","443","606","245","29","129"
"Mississippi County, Missouri","5734","4998","736","3028","1461","1567","1797","29","133"
"Moniteau County, Missouri","6164","5450","714","4171","2341","1830","1102","29","135"
"Montgomery County, Missouri","6252","4995","1257","3630","1754","1876","1053","29","139"
"Morgan County, Missouri","15592","7639","7953","6202","3076","3126","1292","29","141"
"Newton County, Missouri","24787","22123","2664","15998","8794","7204","5489","29","145"
"Nodaway County, Missouri","9780","8510","1270","4943","2460","2483","3425","29","147"
"Osage County, Missouri","6662","5273","1389","4420","2239","2181","766","29","151"
"Ozark County, Missouri","5703","4082","1621","3243","1192","2051","565","29","153"
"Perry County, Missouri","8815","7577","1238","5575","3085","2490","1835","29","157"
"Pettis County, Missouri","18245","16193","2052","11193","5827","5366","4778","29","159"
"Phelps County, Missouri","20417","18213","2204","10891","5722","5169","6814","29","161"
"Pike County, Missouri","7932","6653","1279","4753","2031","2722","1725","29","163"
"Platte County, Missouri","42377","39918","2459","26808","19188","7620","12746","29","165"
"Polk County, Missouri","13619","11833","1786","8158","4685","3473","3303","29","167"
"Pulaski County, Missouri","19137","15061","4076","7877","4843","3034","6701","29","169"
"Putnam County, Missouri","2986","1698","1288","1337","565","772","299","29","171"
"Rockbridge County, Virginia","11508","9301","2207","6973","3549","3424","2089","51","163"
"Russell County, Virginia","13527","10975","2552","8207","3045","5162","1888","51","167"
"Scott County, Virginia","11960","8710","3250","6918","2460","4458","1292","51","169"
"Smyth County, Virginia","15366","12694","2672","8901","4139","4762","3293","51","173"
"Southampton County, Virginia","7648","6618","1030","4923","2874","2049","1191","51","175"
"Stafford County, Virginia","50272","48160","2112","37266","29766","7500","10357","51","179"
"Surry County, Virginia","3600","2794","806","2014","1197","817","567","51","181"
"Tazewell County, Virginia","20731","16371","4360","12227","4800","7427","3540","51","185"
"Warren County, Virginia","16481","14641","1840","11077","7959","3118","3283","51","187"
"Westmoreland County, Virginia","11013","7910","3103","5848","3248","2600","1814","51","193"
"Wise County, Virginia","17931","14916","3015","10262","4332","5930","3536","51","195"
"York County, Virginia","28114","25517","2597","18383","13190","5193","6964","51","199"
"Alexandria city, Virginia","76361","71289","5072","30931","23753","7178","39820","51","510"
"Buena Vista city, Virginia","2866","2509","357","1539","895","644","768","51","530"
"Charlottesville city, Virginia","20736","18814","1922","7550","5259","2291","10907","51","540"
"Colonial Heights city, Virginia","7724","7094","630","4674","2993","1681","2337","51","570"
"Covington city, Virginia","2987","2382","605","1796","743","1053","443","51","580"
"Danville city, Virginia","22017","18266","3751","9180","4662","4518","8695","51","590"
"Fairfax city, Virginia","9019","8751","268","6115","4732","1383","2343","51","600"
"Falls Church city, Virginia","6080","5631","449","3312","2457","855","2271","51","610"
"Fredericksburg city, Virginia","11887","11059","828","4398","3235","1163","6528","51","630"
"Galax city, Virginia","3222","2614","608","1774","1090","684","768","51","640"
"Harrisonburg city, Virginia","18317","16751","1566","6790","4271","2519","9609","51","660"
"Hopewell city, Virginia","10354","9362","992","4407","3078","1329","4789","51","670"
"Lynchburg city, Virginia","32533","28223","4310","14050","8283","5767","13816","51","680"
"Manassas city, Virginia","13823","13066","757","9058","7418","1640","3900","51","683"
"Martinsville city, Virginia","7062","5597","1465","3121","1808","1313","2344","51","690"
"Newport News city, Virginia","77851","70376","7475","34014","23270","10744","35498","51","700"
"Norton city, Virginia","2105","1877","228","972","372","600","869","51","720"
"Petersburg city, Virginia","16346","13231","3115","4771","3130","1641","8321","51","730"
"Portsmouth city, Virginia","40879","36650","4229","20257","14452","5805","15892","51","740"
"Radford city, Virginia","6522","5677","845","2736","1519","1217","2884","51","750"
"Roanoke city, Virginia","46991","41694","5297","21792","14531","7261","19558","51","770"
"Salem city, Virginia","10846","9876","970","6365","3715","2650","3389","51","775"
"Staunton city, Virginia","11847","10638","1209","6272","4115","2157","4261","51","790"
"Suffolk city, Virginia","37394","34603","2791","24341","18330","6011","9709","51","800"
"Virginia Beach city, Virginia","185735","172452","13283","111517","84566","26951","59324","51","810"
"Waynesboro city, Virginia","10059","9169","890","5418","3730","1688","3487","51","820"
"Williamsburg city, Virginia","5271","4485","786","2340","1252","1088","2078","51","830"
"Winchester city, Virginia","11980","10669","1311","4767","3024","1743","5734","51","840"
"Adams County, Washington","6684","6035","649","3679","1722","1957","2082","53","001"
"Asotin County, Washington","10078","9286","792","6703","3594","3109","2425","53","003"
"Benton County, Washington","77486","73073","4413","50485","32037","18448","21481","53","005"
"Chelan County, Washington","38193","29383","8810","18658","11406","7252","9675","53","007"
"Clallam County, Washington","37367","33197","4170","23679","12494","11185","8817","53","009"
"Clark County, Washington","186317","178478","7839","119725","85737","33988","56643","53","011"
"Columbia County, Washington","2174","1795","379","1286","607","679","451","53","013"
"Cowlitz County, Washington","44970","42354","2616","27982","18240","9742","13682","53","015"
"Douglas County, Washington","17234","15435","1799","10504","6442","4062","4195","53","017"
"Ferry County, Washington","4541","3175","1366","2400","974","1426","595","53","019"
"Franklin County, Washington","28618","27263","1355","18891","12969","5922","8002","53","021"
"Garfield County, Washington","1189","986","203","748","372","376","200","53","023"
"Grant County, Washington","38083","31908","6175","20619","12839","7780","10121","53","025"
"Grays Harbor County, Washington","36572","29433","7139","20253","11566","8687","8537","53","027"
"Island County, Washington","42270","35326","6944","25127","16036","9091","9710","53","029"
"King County, Washington","952344","900061","52283","508346","364832","143514","382844","53","033"
"Kitsap County, Washington","113730","105758","7972","72040","50375","21665","32345","53","035"
"Kittitas County, Washington","24226","19162","5064","11459","6788","4671","7126","53","037"
"Lewis County, Washington","35426","31118","4308","21903","12973","8930","8405","53","041"
"Durham County, North Carolina","139199","130128","9071","72145","51761","20384","56872","37","063"
"Franklin County, North Carolina","29137","25729","3408","18838","11672","7166","5860","37","069"
"Graham County, North Carolina","6062","3521","2541","2940","994","1946","407","37","075"
"Guilford County, North Carolina","230065","208234","21831","122959","82858","40101","82176","37","081"
"Haywood County, North Carolina","35659","26891","8768","19547","10056","9491","6475","37","087"
"Hyde County, North Carolina","3257","2056","1201","1307","669","638","651","37","095"
"Johnston County, North Carolina","77575","71332","6243","52812","37734","15078","17020","37","101"
"Lenoir County, North Carolina","27693","23494","4199","13359","6377","6982","9299","37","107"
"Macon County, North Carolina","25653","16062","9591","11708","5669","6039","3583","37","113"
"Mecklenburg County, North Carolina","455602","421950","33652","237994","181121","56873","179789","37","119"
"Stanly County, North Carolina","28007","23849","4158","17821","10260","7561","5239","37","167"
"Swain County, North Carolina","9080","5741","3339","4295","1840","2455","1115","37","173"
"Union County, North Carolina","82547","77791","4756","64363","47116","17247","12068","37","179"
"Warren County, North Carolina","12051","8122","3929","5821","2482","3339","1768","37","185"
"Wayne County, North Carolina","54507","48198","6309","30316","17099","13217","15991","37","191"
"Yadkin County, North Carolina","17444","15247","2197","11657","6128","5529","3183","37","197"
"Bergen County, New Jersey","359097","342059","17038","221603","142205","79398","116688","34","003"
"Cape May County, New Jersey","99394","40670","58724","31723","19564","12159","8085","34","009"
"Gloucester County, New Jersey","113945","106376","7569","85575","57954","27621","19844","34","015"
"Mercer County, New Jersey","145115","131440","13675","83468","54367","29101","46628","34","021"
"Morris County, New Jersey","194426","184162","10264","135987","91505","44482","46821","34","027"
"Salem County, New Jersey","27607","24414","3193","16874","9937","6937","7230","34","033"
"Union County, New Jersey","202823","191862","10961","113015","76827","36188","76339","34","039"
"Allen County, Indiana","159424","147043","12381","100935","65831","35104","44390","18","003"
"Blackford County, Indiana","6013","5105","908","3676","2014","1662","1268","18","009"
"Carroll County, Indiana","9643","8123","1520","6437","3884","2553","1519","18","015"
"Clay County, Indiana","11773","10454","1319","8190","5219","2971","2036","18","021"
"Daviess County, Indiana","12565","11354","1211","7985","4245","3740","2913","18","027"
"DeKalb County, Indiana","18162","16904","1258","13388","8523","4865","3285","18","033"
"Elkhart County, Indiana","79389","72362","7027","50964","33801","17163","20259","18","039"
"Kosciusko County, Indiana","38817","31462","7355","23504","14532","8972","7430","18","085"
"LaPorte County, Indiana","49231","42725","6506","31297","19947","11350","10515","18","091"
"Marion County, Indiana","424711","377695","47016","206070","142743","63327","167554","18","097"
"Miami County, Indiana","15398","13531","1867","9789","5458","4331","3509","18","103"
"Morgan County, Indiana","28519","26460","2059","20965","14688","6277","5066","18","109"
"Ohio County, Indiana","2865","2623","242","2000","1271","729","545","18","115"
"Parke County, Indiana","8253","6005","2248","4751","2728","2023","1045","18","121"
"Porter County, Indiana","69271","65153","4118","48788","32629","16159","15329","18","127"
"Putnam County, Indiana","15188","13651","1537","10108","6310","3798","3414","18","133"
"Rush County, Indiana","7503","6648","855","4559","2727","1832","1967","18","139"
"Scott County, Indiana","10667","9228","1439","6205","3697","2508","2671","18","143"
"Starke County, Indiana","11185","8490","2695","6958","3902","3056","1313","18","149"
"Switzerland County, Indiana","5395","4430","965","3448","1909","1539","834","18","155"
"Union County, Indiana","3266","2848","418","2174","1208","966","622","18","161"
"Vigo County, Indiana","47351","42657","4694","27045","17206","9839","14935","18","167"
"Warrick County, Indiana","26309","24607","1702","20046","13596","6450","4093","18","173"
"Wells County, Indiana","11923","11122","801","8613","5289","3324","2335","18","179"
"Barnstable County, Massachusetts","164064","95859","68205","76319","47114","29205","18015","25","001"
"Dukes County, Massachusetts","18030","6887","11143","4990","2659","2331","1476","25","007"
"Hampden County, Massachusetts","193713","180492","13221","111246","72827","38419","66839","25","013"
"Nantucket County, Massachusetts","12498","3709","8789","2563","1619","944","1041","25","019"
"Darke County, Ohio","22975","21171","1804","14983","8236","6747","5642","39","037"
"Erie County, Ohio","37877","31319","6558","21904","13047","8857","8808","39","043"
"Franklin County, Ohio","559478","519237","40241","278490","199320","79170","235175","39","049"
"Geauga County, Ohio","37280","35303","1977","30615","20191","10424","4243","39","055"
"Hamilton County, Ohio","380100","344588","35512","201607","137804","63803","137750","39","061"
"Harrison County, Ohio","8092","6221","1871","4879","2494","2385","1052","39","067"
"Highland County, Ohio","19321","16747","2574","11732","7290","4442","4458","39","071"
"Huron County, Ohio","25314","23050","2264","16529","9937","6592","5978","39","077"
"Nevada County, Arkansas","4595","3188","1407","2215","801","1414","784","05","099"
"Newton County, Arkansas","4706","2996","1710","2511","1040","1471","284","05","101"
"Ouachita County, Arkansas","13110","9487","3623","6729","2759","3970","2370","05","103"
"Perry County, Arkansas","4993","3700","1293","2950","1278","1672","571","05","105"
"Phillips County, Arkansas","10243","7561","2682","3484","1245","2239","3347","05","107"
"Pike County, Arkansas","5629","4215","1414","3138","1196","1942","786","05","109"
"Poinsett County, Arkansas","10994","9567","1427","6006","2765","3241","2919","05","111"
"Polk County, Arkansas","10130","8114","2016","6150","2587","3563","1643","05","113"
"Pope County, Arkansas","26373","22863","3510","16554","9045","7509","5822","05","115"
"Prairie County, Arkansas","4550","3755","795","2813","1220","1593","748","05","117"
"Pulaski County, Arkansas","185460","161652","23808","93882","59461","34421","65147","05","119"
"Randolph County, Arkansas","8629","7294","1335","5425","2543","2882","1509","05","121"
"St. Francis County, Arkansas","10969","9313","1656","5105","1871","3234","3611","05","123"
"Saline County, Arkansas","49149","45098","4051","35499","21763","13736","8852","05","125"
"Scott County, Arkansas","5283","4114","1169","3013","1370","1643","860","05","127"
"Searcy County, Arkansas","4951","3235","1716","2423","636","1787","531","05","129"
"Sebastian County, Arkansas","57127","52026","5101","30866","17036","13830","20305","05","131"
"Sevier County, Arkansas","6986","5690","1296","3808","1802","2006","1645","05","133"
"Sharp County, Arkansas","9894","7315","2579","5757","2675","3082","1256","05","135"
"Stone County, Arkansas","6927","4866","2061","3607","1434","2173","883","05","137"
"Union County, Arkansas","20065","15855","4210","11797","5145","6652","3610","05","139"
"Washington County, Arkansas","95238","89094","6144","47656","29710","17946","39633","05","143"
"White County, Arkansas","33924","28903","5021","19553","10703","8850","8325","05","145"
"Yell County, Arkansas","9881","7797","2084","5550","2533","3017","1754","05","149"
"Hartford County, Connecticut","380383","353653","26730","226863","153276","73587","121957","09","003"
"Litchfield County, Connecticut","88362","74902","13460","57002","37697","19305","16662","09","005"
"New Haven County, Connecticut","367990","332765","35225","206810","137995","68815","121209","09","009"
"New London County, Connecticut","123849","109616","14233","73565","48262","25303","34749","09","011"
"Windham County, Connecticut","49840","45589","4251","31038","20740","10298","13521","09","015"
"District of Columbia, District of Columbia","319192","288307","30885","122648","92705","29943","161568","11","001"
"Aleutians West Census Area, Alaska","2013","1306","707","362","206","156","406","02","016"
"Anchorage Municipality, Alaska","118293","106970","11323","66562","45953","20609","39082","02","020"
"Bristol Bay Borough, Alaska","871","284","587","146","59","87","98","02","060"
"Chugach Census Area, Alaska","3287","2310","977","1690","731","959","517","02","063"
"Denali Borough, Alaska","1664","726","938","602","308","294","105","02","068"
"Dillingham Census Area, Alaska","2462","1430","1032","864","236","628","401","02","070"
"Haines Borough, Alaska","1692","917","775","555","225","330","292","02","100"
"Hoonah-Angoon Census Area, Alaska","1623","755","868","553","126","427","131","02","105"
"Kenai Peninsula Borough, Alaska","31330","21781","9549","16409","8778","7631","4738","02","122"
"Ketchikan Gateway Borough, Alaska","6427","5299","1128","3385","2166","1219","1800","02","130"
"Kusilvak Census Area, Alaska","2219","1750","469","1255","201","1054","243","02","158"
"Matanuska-Susitna Borough, Alaska","42018","31964","10054","24545","16761","7784","6714","02","170"
"Nome Census Area, Alaska","4092","2777","1315","1716","725","991","814","02","180"
"Northwest Arctic Borough, Alaska","2742","1795","947","1021","282","739","602","02","188"
"Petersburg Borough, Alaska","1800","1204","596","850","462","388","333","02","195"
"Sitka City and Borough, Alaska","4229","3572","657","2171","1147","1024","1291","02","220"
"Skagway Municipality, Alaska","644","411","233","263","119","144","116","02","230"
"Wrangell City and Borough, Alaska","1451","989","462","705","283","422","260","02","275"
"Yakutat City and Borough, Alaska","417","221","196","114","35","79","57","02","282"
"Yukon-Koyukuk Census Area, Alaska","4081","1857","2224","1380","192","1188","258","02","290"
"Alamosa County, Colorado","6887","6240","647","3431","1986","1445","2675","08","003"
"Archuleta County, Colorado","9477","5736","3741","4252","2376","1876","1428","08","007"
"Baca County, Colorado","2251","1728","523","1232","438","794","403","08","009"
"Boulder County, Colorado","135409","127365","8044","81061","55372","25689","45379","08","013"
"Broomfield County, Colorado","28037","27199","838","18041","13142","4899","9046","08","014"
"Cheyenne County, Colorado","1012","804","208","598","232","366","150","08","017"
"Conejos County, Colorado","4343","3222","1121","2578","993","1585","458","08","021"
"Costilla County, Colorado","2661","1620","1041","1192","414","778","278","08","023"
"Ralls County, Missouri","5196","4132","1064","3530","1652","1878","472","29","173"
"Randolph County, Missouri","10800","8872","1928","6304","3315","2989","2435","29","175"
"Ray County, Missouri","10106","8766","1340","6821","3919","2902","1828","29","177"
"Reynolds County, Missouri","4031","2580","1451","2116","922","1194","384","29","179"
"Ripley County, Missouri","6637","4973","1664","3995","1687","2308","813","29","181"
"St. Charles County, Missouri","156396","149472","6924","121904","87975","33929","26361","29","183"
"St. Clair County, Missouri","5649","4120","1529","3314","1357","1957","643","29","185"
"Ste. Genevieve County, Missouri","8738","7252","1486","5868","3240","2628","1271","29","186"
"St. Francois County, Missouri","30219","24572","5647","16690","10128","6562","7473","29","187"
"St. Louis County, Missouri","441593","409658","31935","279715","185270","94445","124917","29","189"
"Saline County, Missouri","10202","8235","1967","5829","3098","2731","2161","29","195"
"Schuyler County, Missouri","2100","1440","660","1000","391","609","340","29","197"
"Scotland County, Missouri","2372","1687","685","1327","644","683","330","29","199"
"Scott County, Missouri","17297","15342","1955","10157","5730","4427","4796","29","201"
"Shelby County, Missouri","3207","2485","722","1880","688","1192","488","29","205"
"Stoddard County, Missouri","13730","11545","2185","8084","4165","3919","3043","29","207"
"Sullivan County, Missouri","3339","2218","1121","1635","671","964","460","29","211"
"Taney County, Missouri","30999","22390","8609","14669","8314","6355","7167","29","213"
"Vernon County, Missouri","9593","8294","1299","6129","3091","3038","2010","29","217"
"Warren County, Missouri","15805","13129","2676","10440","6674","3766","2513","29","219"
"Wayne County, Missouri","8117","5438","2679","4068","1541","2527","1076","29","223"
"Webster County, Missouri","14821","13697","1124","10713","6566","4147","2760","29","225"
"Wright County, Missouri","8691","6977","1714","5286","2846","2440","1371","29","229"
"Alachua County, Florida","118861","101979","16882","55696","31423","24273","44655","12","001"
"Baker County, Florida","10105","8828","1277","6756","3932","2824","1897","12","003"
"Bradford County, Florida","11061","9318","1743","6147","2716","3431","2869","12","007"
"Brevard County, Florida","280648","236005","44643","178469","100605","77864","54843","12","009"
"Calhoun County, Florida","6010","4510","1500","3528","1468","2060","715","12","013"
"Charlotte County, Florida","105857","79789","26068","65110","29816","35294","13809","12","015"
"Clay County, Florida","81729","75360","6369","58016","38611","19405","16023","12","019"
"Collier County, Florida","218348","147977","70371","110083","51464","58619","36017","12","021"
"DeSoto County, Florida","15307","12421","2886","8555","3099","5456","3408","12","027"
"Dixie County, Florida","9499","6233","3266","5151","1548","3603","642","12","029"
"Escambia County, Florida","142456","122169","20287","76772","45044","31728","43282","12","033"
"Flagler County, Florida","52816","44040","8776","33681","18264","15417","9732","12","035"
"Gadsden County, Florida","20727","17307","3420","12643","6100","6543","3841","12","039"
"Gilchrist County, Florida","7607","6701","906","5529","2734","2795","919","12","041"
"Gulf County, Florida","9678","5897","3781","4460","1912","2548","1119","12","045"
"Hamilton County, Florida","5841","4385","1456","3168","1057","2111","896","12","047"
"Hendry County, Florida","14932","12878","2054","9058","3460","5598","3497","12","051"
"Hernando County, Florida","87761","76708","11053","60806","32796","28010","14781","12","053"
"Hillsborough County, Florida","590714","539919","50795","320042","207637","112405","213225","12","057"
"Holmes County, Florida","8723","7137","1586","5421","1842","3579","1225","12","059"
"Jackson County, Florida","21111","17533","3578","12553","5525","7028","4025","12","063"
"Jefferson County, Florida","6804","5643","1161","4234","1699","2535","1082","12","065"
"Lake County, Florida","160237","137446","22791","103269","54997","48272","32206","12","069"
"Lee County, Florida","401252","288916","112336","209905","107176","102729","75809","12","071"
"Levy County, Florida","20760","16971","3789","13482","6028","7454","2879","12","075"
"Madison County, Florida","8664","6891","1773","4997","2055","2942","1538","12","079"
"Manatee County, Florida","194960","150345","44615","110989","57051","53938","37991","12","081"
"Martin County, Florida","80542","64870","15672","51489","23808","27681","12550","12","085"
"Miami-Dade County, Florida","1032310","902200","130110","465833","285838","179995","423827","12","086"
"Nassau County, Florida","40141","33475","6666","27444","17253","10191","5546","12","089"
"Okaloosa County, Florida","97802","79235","18567","52273","33357","18916","25475","12","091"
"Orange County, Florida","545974","468075","77899","262241","180980","81261","200646","12","095"
"Osceola County, Florida","155925","109642","46283","70613","47250","23363","37652","12","097"
"Palm Beach County, Florida","690075","565598","124477","391273","207989","183284","167391","12","099"
"Pasco County, Florida","247024","209483","37541","153406","84742","68664","53430","12","101"
"Pinellas County, Florida","510798","413239","97559","281412","148023","133389","126839","12","103"
"Lincoln County, Washington","6094","4628","1466","3600","1778","1822","823","53","043"
"Okanogan County, Washington","23338","17884","5454","11720","5475","6245","5146","53","047"
"Pacific County, Washington","16312","9714","6598","8004","4139","3865","1505","53","049"
"Pierce County, Washington","351346","330999","20347","209486","152193","57293","117072","53","053"
"San Juan County, Washington","14252","8459","5793","6296","3346","2950","1811","53","055"
"Skamania County, Washington","5937","4866","1071","3844","2327","1517","934","53","059"
"Snohomish County, Washington","314090","298815","15275","203320","150432","52888","92343","53","061"
"Stevens County, Washington","21954","17883","4071","14128","8073","6055","3272","53","065"
"Thurston County, Washington","118035","112323","5712","74168","50952","23216","36961","53","067"
"Walla Walla County, Washington","24871","22773","2098","14570","8410","6160","7812","53","071"
"Whatcom County, Washington","98000","88978","9022","55361","36303","19058","32494","53","073"
"Yakima County, Washington","89354","83765","5589","52222","31155","21067","29295","53","077"
"Barbour County, West Virginia","7926","6484","1442","4744","1855","2889","1352","54","001"
"Boone County, West Virginia","11193","8691","2502","6793","2576","4217","1306","54","005"
"Braxton County, West Virginia","7438","5341","2097","4196","1657","2539","798","54","007"
"Cabell County, West Virginia","46340","39296","7044","24457","11851","12606","13862","54","011"
"Calhoun County, West Virginia","4015","2814","1201","2254","932","1322","383","54","013"
"Clay County, West Virginia","4642","3385","1257","2654","791","1863","485","54","015"
"Fayette County, West Virginia","21470","17388","4082","13639","5735","7904","2880","54","019"
"Gilmer County, West Virginia","3591","2516","1075","1771","590","1181","592","54","021"
"Greenbrier County, West Virginia","19306","15436","3870","11158","4915","6243","3531","54","025"
"Hampshire County, West Virginia","14047","9165","4882","7374","3697","3677","1273","54","027"
"Hardy County, West Virginia","8351","5933","2418","4456","2216","2240","1365","54","031"
"Harrison County, West Virginia","31721","27213","4508","20060","9632","10428","6130","54","033"
"Jefferson County, West Virginia","23391","20957","2434","16474","11920","4554","4095","54","037"
"Kanawha County, West Virginia","92339","78137","14202","54908","25062","29846","20097","54","039"
"Lincoln County, West Virginia","9978","8295","1683","6505","2331","4174","835","54","043"
"Logan County, West Virginia","16861","14164","2697","10204","3262","6942","2780","54","045"
"Marion County, West Virginia","26371","23033","3338","17135","8517","8618","5123","54","049"
"Marshall County, West Virginia","15750","12350","3400","9976","4244","5732","2190","54","051"
"Mercer County, West Virginia","30007","25088","4919","17298","7250","10048","6488","54","055"
"Mineral County, West Virginia","13128","10810","2318","8485","4292","4193","1931","54","057"
"Monongalia County, West Virginia","45047","40233","4814","23418","13309","10109","15907","54","061"
"Monroe County, West Virginia","7628","5496","2132","4294","1748","2546","920","54","063"
"Nicholas County, West Virginia","13140","10280","2860","8108","3197","4911","1601","54","067"
"Ohio County, West Virginia","20882","17254","3628","11657","5403","6254","5119","54","069"
"Pendleton County, West Virginia","5233","3194","2039","2624","846","1778","468","54","071"
"Pleasants County, West Virginia","3406","2822","584","2367","1136","1231","371","54","073"
"Pocahontas County, West Virginia","8914","3578","5336","3016","1288","1728","290","54","075"
"Preston County, West Virginia","15149","12430","2719","10100","4311","5789","1733","54","077"
"Putnam County, West Virginia","24262","21694","2568","17867","9151","8716","3169","54","079"
"Raleigh County, West Virginia","36143","31116","5027","23066","10459","12607","6343","54","081"
"Randolph County, West Virginia","14271","10977","3294","7811","3290","4521","2572","54","083"
"Ritchie County, West Virginia","5917","4161","1756","3345","1183","2162","543","54","085"
"Roane County, West Virginia","7438","5599","1839","4263","1893","2370","1072","54","087"
"Summers County, West Virginia","7715","5617","2098","4179","1877","2302","1059","54","089"
"Taylor County, West Virginia","7513","6649","864","5239","2224","3015","1207","54","091"
"Tucker County, West Virginia","5360","3176","2184","2528","1136","1392","385","54","093"
"Tyler County, West Virginia","5043","3402","1641","2900","967","1933","326","54","095"
"Upshur County, West Virginia","11442","9592","1850","7296","3517","3779","1810","54","097"
"Wayne County, West Virginia","19378","15228","4150","11418","4492","6926","2890","54","099"
"Webster County, West Virginia","5445","3582","1863","2662","769","1893","585","54","101"
"Wetzel County, West Virginia","8193","6022","2171","4892","1486","3406","819","54","103"
"Wirt County, West Virginia","3330","2557","773","2099","881","1218","350","54","105"
"Wood County, West Virginia","40288","35189","5099","25390","13108","12282","8709","54","107"
"Wyoming County, West Virginia","10884","8674","2210","7358","1934","5424","868","54","109"
"Ashland County, Wisconsin","9657","6483","3174","4581","2214","2367","1731","55","003"
"Custer County, Colorado","4285","2310","1975","2038","846","1192","260","08","027"
"Delta County, Colorado","14860","12277","2583","8985","4896","4089","2981","08","029"
"Dolores County, Colorado","1641","930","711","737","281","456","158","08","033"
"Douglas County, Colorado","125886","121492","4394","96172","77530","18642","24658","08","035"
"Eagle County, Colorado","32138","18667","13471","13016","8963","4053","5274","08","037"
"Elbert County, Colorado","9160","8816","344","8048","6026","2022","609","08","039"
"El Paso County, Colorado","276538","262780","13758","171408","126650","44758","89445","08","041"
"Fremont County, Colorado","20035","17449","2586","13211","7330","5881","3946","08","043"
"Garfield County, Colorado","23983","21586","2397","14576","10132","4444","6716","08","045"
"Gilpin County, Colorado","3522","2860","662","2450","1965","485","351","08","047"
"Grand County, Colorado","16934","6315","10619","4412","2640","1772","1664","08","049"
"Gunnison County, Colorado","11777","6824","4953","4466","2463","2003","2198","08","051"
"Hinsdale County, Colorado","1443","376","1067","297","161","136","63","08","053"
"Huerfano County, Colorado","5296","3057","2239","2228","800","1428","614","08","055"
"Jackson County, Colorado","1316","635","681","457","170","287","77","08","057"
"Jefferson County, Colorado","237789","229007","8782","164108","118370","45738","63023","08","059"
"Kiowa County, Colorado","772","615","157","458","190","268","117","08","061"
"Kit Carson County, Colorado","3557","3020","537","2039","912","1127","819","08","063"
"Lake County, Colorado","4528","3275","1253","2536","1566","970","701","08","065"
"La Plata County, Colorado","26840","21370","5470","15182","9166","6016","5725","08","067"
"Larimer County, Colorado","144583","134185","10398","88959","60881","28078","43775","08","069"
"Las Animas County, Colorado","8549","6750","1799","4624","2570","2054","1803","08","071"
"Lincoln County, Colorado","1948","1513","435","1095","404","691","380","08","073"
"Logan County, Colorado","9027","8301","726","5518","3043","2475","2316","08","075"
"Mesa County, Colorado","64244","59750","4494","41270","27844","13426","17346","08","077"
"Moffat County, Colorado","6197","5218","979","3334","1984","1350","1794","08","081"
"Montezuma County, Colorado","12220","10521","1699","7424","4134","3290","2787","08","083"
"Morgan County, Colorado","11809","10863","946","6836","3987","2849","3689","08","087"
"Ouray County, Colorado","3227","2259","968","1619","812","807","587","08","091"
"Park County, Colorado","14066","6987","7079","6357","4424","1933","566","08","093"
"Pitkin County, Colorado","13861","7424","6437","5002","3279","1723","2167","08","097"
"Prowers County, Colorado","5937","4900","1037","3092","1615","1477","1673","08","099"
"Rio Blanco County, Colorado","3345","2513","832","1866","1082","784","574","08","103"
"Rio Grande County, Colorado","6832","4737","2095","3260","1780","1480","1312","08","105"
"Saguache County, Colorado","3961","2803","1158","2040","1074","966","628","08","109"
"San Miguel County, Colorado","6756","3604","3152","2161","1197","964","1353","08","113"
"Sedgwick County, Colorado","1177","954","223","645","330","315","284","08","115"
"Teller County, Colorado","13270","10460","2810","8489","5992","2497","1747","08","119"
"Washington County, Colorado","2396","2081","315","1453","659","794","485","08","121"
"Yuma County, Colorado","4493","4108","385","2889","1358","1531","976","08","125"
"New Castle County, Delaware","224242","209431","14811","142188","97169","45019","65437","10","003"
"Sussex County, Delaware","141123","94223","46900","76401","44054","32347","16288","10","005"
"Big Horn County, Montana","4720","3622","1098","2350","659","1691","987","30","003"
"Blaine County, Montana","2848","2399","449","1397","501","896","792","30","005"
"Carbon County, Montana","6571","4524","2047","3358","1639","1719","1002","30","009"
"Carter County, Montana","816","650","166","443","122","321","137","30","011"
"Chouteau County, Montana","2936","2301","635","1520","531","989","537","30","015"
"Daniels County, Montana","1180","856","324","671","260","411","134","30","019"
"Dawson County, Montana","4447","3892","555","2561","1045","1516","1251","30","021"
"Fallon County, Montana","1598","1274","324","918","396","522","223","30","025"
"Fergus County, Montana","5899","5057","842","3564","1602","1962","1111","30","027"
"Gallatin County, Montana","51011","45287","5724","27693","17567","10126","16913","30","031"
"Garfield County, Montana","781","437","344","300","73","227","79","30","033"
"Golden Valley County, Montana","489","361","128","291","90","201","39","30","037"
"Hill County, Montana","7348","6471","877","4102","2138","1964","2102","30","041"
"Jefferson County, Montana","5122","4445","677","3744","2182","1562","552","30","043"
"Lake County, Montana","16917","11869","5048","8590","4371","4219","2979","30","047"
"Lewis and Clark County, Montana","31772","28502","3270","20453","13070","7383","7647","30","049"
"Lincoln County, Montana","11604","8622","2982","6860","3482","3378","1513","30","053"
"Putnam County, Florida","37497","29822","7675","21286","9080","12206","7410","12","107"
"St. Johns County, Florida","111492","91253","20239","74318","49774","24544","15899","12","109"
"St. Lucie County, Florida","143823","118527","25296","89045","49716","39329","28466","12","111"
"Santa Rosa County, Florida","73023","65697","7326","50670","33271","17399","14275","12","113"
"Sarasota County, Florida","244910","189228","55682","144135","67314","76821","42209","12","115"
"Seminole County, Florida","192073","178094","13979","117211","81416","35795","59377","12","117"
"Sumter County, Florida","72655","59076","13579","52354","21217","31137","5912","12","119"
"Suwannee County, Florida","19467","15149","4318","11641","4799","6842","2539","12","121"
"Taylor County, Florida","11134","7172","3962","5598","1967","3631","1201","12","123"
"Union County, Florida","4623","4008","615","2826","1393","1433","1047","12","125"
"Volusia County, Florida","262438","220386","42052","156968","85008","71960","60193","12","127"
"Wakulla County, Florida","13686","11382","2304","9603","5794","3809","1588","12","129"
"Walton County, Florida","53637","28635","25002","21774","12815","8959","6031","12","131"
"Washington County, Florida","10957","9037","1920","7130","3043","4087","1441","12","133"
"Adams County, Nebraska","13972","12786","1186","8704","4679","4025","3848","31","001"
"Antelope County, Nebraska","3339","2725","614","2063","659","1404","513","31","003"
"Banner County, Nebraska","384","234","150","162","35","127","22","31","007"
"Blaine County, Nebraska","353","237","116","161","43","118","21","31","009"
"Box Butte County, Nebraska","5436","4601","835","3277","1558","1719","1209","31","013"
"Boyd County, Nebraska","1364","876","488","734","183","551","87","31","015"
"Buffalo County, Nebraska","20651","19016","1635","12592","7237","5355","6128","31","019"
"Burt County, Nebraska","3469","2881","588","2187","908","1279","529","31","021"
"Cass County, Nebraska","11628","10073","1555","8212","5295","2917","1699","31","025"
"Cedar County, Nebraska","4173","3479","694","2791","1154","1637","550","31","027"
"Cherry County, Nebraska","3269","2459","810","1465","566","899","618","31","031"
"Cheyenne County, Nebraska","5011","4403","608","2905","1632","1273","1410","31","033"
"Colfax County, Nebraska","4224","3742","482","2695","1110","1585","893","31","037"
"Custer County, Nebraska","5666","4828","838","3362","1430","1932","1234","31","041"
"Dakota County, Nebraska","7867","7350","517","4877","2648","2229","2319","31","043"
"Dawson County, Nebraska","10324","9007","1317","5885","3080","2805","2854","31","047"
"Deuel County, Nebraska","1049","823","226","645","267","378","127","31","049"
"Dodge County, Nebraska","16820","15284","1536","9501","4893","4608","5433","31","053"
"Douglas County, Nebraska","236936","221451","15485","137435","94767","42668","82111","31","055"
"Fillmore County, Nebraska","2933","2488","445","1936","850","1086","419","31","059"
"Franklin County, Nebraska","1709","1328","381","1086","369","717","194","31","061"
"Furnas County, Nebraska","2690","2077","613","1643","615","1028","385","31","065"
"Gage County, Nebraska","10465","9048","1417","6149","2995","3154","2713","31","067"
"Garfield County, Nebraska","1192","906","286","716","263","453","151","31","071"
"Gosper County, Nebraska","1375","940","435","710","301","409","172","31","073"
"Greeley County, Nebraska","1315","1045","270","838","317","521","171","31","077"
"Hall County, Nebraska","25022","23496","1526","14585","7730","6855","8478","31","079"
"Harlan County, Nebraska","2336","1515","821","1188","540","648","244","31","083"
"Hayes County, Nebraska","525","389","136","277","85","192","81","31","085"
"Holt County, Nebraska","5264","4390","874","3144","1266","1878","1114","31","089"
"Hooker County, Nebraska","448","316","132","189","83","106","109","31","091"
"Jefferson County, Nebraska","3903","3246","657","2296","915","1381","805","31","095"
"Johnson County, Nebraska","2182","1847","335","1292","536","756","506","31","097"
"Keith County, Nebraska","5481","3864","1617","2763","1230","1533","949","31","101"
"Keya Paha County, Nebraska","533","349","184","257","46","211","52","31","103"
"Polk County, Florida","300596","240879","59717","167295","88428","78867","69823","12","105"
"Knox County, Nebraska","4937","3605","1332","2673","930","1743","716","31","107"
"Lancaster County, Nebraska","133081","126666","6415","74937","48645","26292","50339","31","109"
"Logan County, Nebraska","404","319","85","246","106","140","26","31","113"
"Loup County, Nebraska","497","316","181","238","103","135","13","31","115"
"Madison County, Nebraska","15406","14187","1219","9622","5106","4516","4240","31","119"
"Merrick County, Nebraska","3834","3330","504","2577","1270","1307","681","31","121"
"Nance County, Nebraska","1870","1530","340","1331","644","687","177","31","125"
"Nuckolls County, Nebraska","2456","1852","604","1478","415","1063","326","31","129"
"Otoe County, Nebraska","7203","6509","694","4718","2648","2070","1667","31","131"
"Barron County, Wisconsin","24230","19059","5171","14464","8115","6349","4334","55","005"
"Brown County, Wisconsin","110414","106031","4383","68791","44572","24219","36500","55","009"
"Buffalo County, Wisconsin","6827","5751","1076","4403","2439","1964","1184","55","011"
"Calumet County, Wisconsin","20942","19951","991","16175","10589","5586","3571","55","015"
"Chippewa County, Wisconsin","28626","26044","2582","19078","11212","7866","6603","55","017"
"Columbia County, Wisconsin","26878","24336","2542","18141","12157","5984","5855","55","021"
"Crawford County, Wisconsin","8999","6676","2323","4968","2399","2569","1483","55","023"
"Dodge County, Wisconsin","37942","35007","2935","24270","15641","8629","10304","55","027"
"Door County, Wisconsin","25024","13429","11595","10680","5824","4856","2414","55","029"
"Dunn County, Wisconsin","18571","17124","1447","11505","7246","4259","5242","55","033"
"Eau Claire County, Wisconsin","44419","41602","2817","26688","17579","9109","14443","55","035"
"Fond du Lac County, Wisconsin","45338","41890","3448","29588","18168","11420","11766","55","039"
"Forest County, Wisconsin","9238","3929","5309","3073","1484","1589","623","55","041"
"Green County, Wisconsin","16097","15240","857","11392","7262","4130","3573","55","045"
"Green Lake County, Wisconsin","10756","8024","2732","6145","3425","2720","1657","55","047"
"Iron County, Wisconsin","6094","2859","3235","2263","1162","1101","505","55","051"
"Jackson County, Wisconsin","9964","8246","1718","6261","3538","2723","1709","55","053"
"Juneau County, Wisconsin","15228","10779","4449","8240","4628","3612","2272","55","057"
"Kenosha County, Wisconsin","70755","64595","6160","42915","28233","14682","20906","55","059"
"La Crosse County, Wisconsin","50680","48105","2575","30074","18419","11655","17450","55","063"
"Lafayette County, Wisconsin","7325","6777","548","5238","2991","2247","1336","55","065"
"Lincoln County, Wisconsin","17224","12654","4570","9857","5587","4270","2596","55","069"
"Manitowoc County, Wisconsin","37538","34435","3103","26144","14807","11337","7779","55","071"
"Marinette County, Wisconsin","30910","18869","12041","14274","7800","6474","4020","55","075"
"Marquette County, Wisconsin","10001","6770","3231","5458","3097","2361","1187","55","077"
"Milwaukee County, Wisconsin","419310","383703","35607","188430","123504","64926","190708","55","079"
"Monroe County, Wisconsin","20000","18025","1975","12750","7655","5095","4812","55","081"
"Oconto County, Wisconsin","24344","16283","8061","13459","7740","5719","2434","55","083"
"Outagamie County, Wisconsin","77529","74597","2932","53209","34405","18804","20639","55","087"
"Ozaukee County, Wisconsin","37723","36166","1557","27223","18067","9156","8566","55","089"
"Pierce County, Wisconsin","16742","15856","886","11462","7725","3737","4190","55","093"
"Polk County, Wisconsin","24788","18647","6141","14876","9373","5503","3381","55","095"
"Price County, Wisconsin","11228","6676","4552","5294","2575","2719","1209","55","099"
"Racine County, Wisconsin","82977","77648","5329","52896","35521","17375","24156","55","101"
"Rock County, Wisconsin","69278","65237","4041","44625","29213","15412","19838","55","105"
"Rusk County, Wisconsin","9231","6414","2817","5050","2636","2414","1194","55","107"
"Sauk County, Wisconsin","30525","26751","3774","18721","11768","6953","7598","55","111"
"Sawyer County, Wisconsin","16503","7893","8610","5796","3098","2698","1828","55","113"
"Shawano County, Wisconsin","20957","17153","3804","13343","7687","5656","3474","55","115"
"Sheboygan County, Wisconsin","51249","47754","3495","33556","21149","12407","13659","55","117"
"Taylor County, Wisconsin","10755","8623","2132","6658","3668","2990","1665","55","119"
"Trempealeau County, Wisconsin","13219","12143","1076","8767","5228","3539","3050","55","121"
"Vernon County, Wisconsin","14173","12146","2027","9354","4998","4356","2435","55","123"
"Vilas County, Wisconsin","26150","10917","15233","8577","4438","4139","2088","55","125"
"Walworth County, Wisconsin","52595","41414","11181","28454","18255","10199","12330","55","127"
"Washburn County, Wisconsin","13359","7290","6069","5830","3179","2651","1299","55","129"
"Washington County, Wisconsin","57155","54787","2368","42235","28324","13911","12191","55","131"
"Waukesha County, Wisconsin","166703","159780","6923","121773","82365","39408","37153","55","133"
"Waupaca County, Wisconsin","25840","22486","3354","16604","10493","6111","5516","55","135"
"Waushara County, Wisconsin","15152","10053","5099","8249","4726","3523","1582","55","137"
"Winnebago County, Wisconsin","76023","71132","4891","46737","29510","17227","23774","55","139"
"Wood County, Wisconsin","35247","32707","2540","23348","12924","10424","8920","55","141"
"Albany County, Wyoming","19414","16137","3277","8387","4836","3551","7389","56","001"
"Big Horn County, Wyoming","5468","4408","1060","3290","1558","1732","867","56","003"
"Campbell County, Wyoming","20339","17506","2833","13056","8800","4256","4226","56","005"
"Carbon County, Wyoming","8809","6226","2583","4398","2272","2126","1443","56","007"
"Converse County, Wyoming","6691","5461","1230","4177","2288","1889","1018","56","009"
"Crook County, Wyoming","3662","2826","836","2241","1170","1071","393","56","011"
"Fremont County, Wyoming","18029","14834","3195","10383","4888","5495","3804","56","013"
"McCone County, Montana","1133","818","315","676","182","494","67","30","055"
"Meagher County, Montana","1343","759","584","650","273","377","61","30","059"
"Mineral County, Montana","2504","1926","578","1496","768","728","355","30","061"
"Musselshell County, Montana","2723","2211","512","1617","712","905","407","30","065"
"Petroleum County, Montana","298","212","86","139","51","88","20","30","069"
"Phillips County, Montana","2357","1756","601","1401","548","853","247","30","071"
"Powder River County, Montana","1034","748","286","558","175","383","40","30","075"
"Powell County, Montana","3248","2515","733","1557","658","899","793","30","077"
"Prairie County, Montana","665","502","163","398","129","269","46","30","079"
"Ravalli County, Montana","19835","17823","2012","13800","8054","5746","3726","30","081"
"Richland County, Montana","5263","4408","855","3022","1328","1694","1223","30","083"
"Roosevelt County, Montana","4142","3248","894","2085","468","1617","1000","30","085"
"Rosebud County, Montana","4149","3237","912","2187","806","1381","929","30","087"
"Sanders County, Montana","6764","5281","1483","4071","1601","2470","1079","30","089"
"Sheridan County, Montana","2098","1543","555","1157","449","708","308","30","091"
"Silver Bow County, Montana","17318","15026","2292","10454","5624","4830","4225","30","093"
"Stillwater County, Montana","4861","3840","1021","3104","1726","1378","637","30","095"
"Sweet Grass County, Montana","2123","1515","608","1119","412","707","330","30","097"
"Teton County, Montana","2924","2496","428","1798","890","908","515","30","099"
"Toole County, Montana","2387","1827","560","1132","531","601","555","30","101"
"Treasure County, Montana","478","333","145","238","78","160","44","30","103"
"Valley County, Montana","4883","3324","1559","2497","1051","1446","715","30","105"
"Wheatland County, Montana","1237","897","340","646","271","375","146","30","107"
"Wibaux County, Montana","607","477","130","378","135","243","60","30","109"
"Yellowstone County, Montana","72524","68047","4477","46866","29490","17376","20401","30","111"
"Appling County, Georgia","8597","6650","1947","4976","2246","2730","1250","13","001"
"Atkinson County, Georgia","3511","2953","558","2109","725","1384","697","13","003"
"Bacon County, Georgia","4819","3743","1076","2792","1111","1681","735","13","005"
"Baker County, Georgia","1841","1448","393","990","302","688","320","13","007"
"Banks County, Georgia","7796","6941","855","5144","2351","2793","1596","13","011"
"Barrow County, Georgia","29036","27268","1768","20915","14903","6012","6023","13","013"
"Ben Hill County, Georgia","8015","6612","1403","3806","1631","2175","2425","13","017"
"Bibb County, Georgia","70138","58154","11984","30091","17311","12780","26747","13","021"
"Bleckley County, Georgia","5327","4250","1077","3093","1095","1998","969","13","023"
"Brooks County, Georgia","7817","6392","1425","4470","1995","2475","1373","13","027"
"Bryan County, Georgia","14778","13503","1275","9561","6938","2623","3768","13","029"
"Burke County, Georgia","10108","7953","2155","5810","2115","3695","1749","13","033"
"Butts County, Georgia","9457","8342","1115","5950","3079","2871","2190","13","035"
"Camden County, Georgia","22303","19746","2557","12227","7757","4470","7175","13","039"
"Carroll County, Georgia","45699","42196","3503","29043","17232","11811","12281","13","045"
"Catoosa County, Georgia","27578","25151","2427","18721","12238","6483","5864","13","047"
"Chatham County, Georgia","126234","109868","16366","61038","40093","20945","46402","13","051"
"Chattahoochee County, Georgia","3341","2550","791","619","243","376","1827","13","053"
"Cherokee County, Georgia","94658","90372","4286","69011","51067","17944","20379","13","057"
"Clarke County, Georgia","53452","50284","3168","20388","12272","8116","29156","13","059"
"Clayton County, Georgia","105992","96826","9166","48667","33816","14851","46919","13","063"
"Cobb County, Georgia","302537","283359","19178","186378","135711","50667","94716","13","067"
"Coffee County, Georgia","17351","14832","2519","9644","4201","5443","4476","13","069"
"Columbia County, Georgia","58653","48233","10420","38345","26740","11605","9255","13","073"
"Cook County, Georgia","7456","6202","1254","4068","2056","2012","1828","13","075"
"Crawford County, Georgia","5379","4573","806","3540","1461","2079","834","13","079"
"Crisp County, Georgia","10810","8479","2331","4818","2237","2581","3313","13","081"
"Dawson County, Georgia","11807","9521","2286","7757","4806","2951","1611","13","085"
"DeKalb County, Georgia","314430","283799","30631","158102","115381","42721","122964","13","089"
"Dodge County, Georgia","9865","7530","2335","5259","1960","3299","1867","13","091"
"Dougherty County, Georgia","40572","34233","6339","15709","8743","6966","17736","13","095"
"Douglas County, Georgia","53038","49788","3250","32604","24306","8298","16696","13","097"
"Echols County, Georgia","1790","1497","293","1067","427","640","318","13","101"
"Elbert County, Georgia","9648","7695","1953","5511","2375","3136","1986","13","105"
"Pawnee County, Nebraska","1632","1221","411","1005","372","633","164","31","133"
"Perkins County, Nebraska","1448","1202","246","953","398","555","203","31","135"
"Phelps County, Nebraska","4268","3900","368","2775","1517","1258","1011","31","137"
"Pierce County, Nebraska","3278","2990","288","2247","1002","1245","635","31","139"
"Platte County, Nebraska","13894","13173","721","9453","4437","5016","3499","31","141"
"Polk County, Nebraska","2728","2048","680","1710","640","1070","278","31","143"
"Red Willow County, Nebraska","5320","4503","817","3239","1339","1900","1110","31","145"
"Richardson County, Nebraska","4411","3706","705","2777","1112","1665","707","31","147"
"Rock County, Nebraska","925","617","308","460","160","300","78","31","149"
"Saline County, Nebraska","5878","5292","586","3781","1695","2086","1352","31","151"
"Sarpy County, Nebraska","70084","67299","2785","46396","34966","11430","20182","31","153"
"Saunders County, Nebraska","9791","8542","1249","6831","4114","2717","1568","31","155"
"Scotts Bluff County, Nebraska","16384","14657","1727","9771","5635","4136","4496","31","157"
"Seward County, Nebraska","7231","6766","465","4819","2644","2175","1830","31","159"
"Sheridan County, Nebraska","2919","2312","607","1498","529","969","639","31","161"
"Sherman County, Nebraska","1947","1414","533","1045","393","652","266","31","163"
"Sioux County, Nebraska","811","530","281","330","103","227","102","31","165"
"Stanton County, Nebraska","2700","2430","270","1905","982","923","486","31","167"
"Thayer County, Nebraska","2757","2247","510","1710","606","1104","466","31","169"
"Thomas County, Nebraska","386","276","110","188","71","117","50","31","171"
"Thurston County, Nebraska","2446","2165","281","1328","424","904","746","31","173"
"Washington County, Nebraska","8636","8303","333","6428","4062","2366","1645","31","177"
"Webster County, Nebraska","1902","1524","378","1240","464","776","235","31","181"
"Wheeler County, Nebraska","602","353","249","267","89","178","44","31","183"
"Churchill County, Nevada","11007","9972","1035","6837","3891","2946","3043","32","001"
"Clark County, Nevada","912465","809026","103439","443247","307917","135330","356584","32","003"
"Elko County, Nevada","21788","18516","3272","12813","7429","5384","5087","32","007"
"Esmeralda County, Nevada","932","515","417","260","41","219","220","32","009"
"Humboldt County, Nevada","7590","6579","1011","4526","2571","1955","1683","32","013"
"Lander County, Nevada","2922","2315","607","1754","916","838","443","32","015"
"Lyon County, Nevada","23697","21726","1971","15865","9951","5914","5351","32","019"
"Mineral County, Nevada","2697","1938","759","1414","552","862","408","32","021"
"Pershing County, Nevada","2494","2009","485","1363","587","776","587","32","027"
"Storey County, Nevada","1969","1704","265","1644","1165","479","53","32","029"
"White Pine County, Nevada","4538","3749","789","2713","1270","1443","897","32","033"
"Carson City, Nevada","24132","22858","1274","13299","7866","5433","9438","32","510"
"Carroll County, New Hampshire","41433","22235","19198","17644","9820","7824","4201","33","003"
"Cheshire County, New Hampshire","35760","30513","5247","20766","12449","8317","9150","33","005"
"Grafton County, New Hampshire","53149","35141","18008","24556","14276","10280","10074","33","009"
"Hillsborough County, New Hampshire","172201","162843","9358","107043","73412","33631","54358","33","011"
"Rockingham County, New Hampshire","133236","122520","10716","95348","66244","29104","25887","33","015"
"Strafford County, New Hampshire","54409","49831","4578","33285","21515","11770","16127","33","017"
"Acadia Parish, Louisiana","26516","22598","3918","15624","6518","9106","5774","22","001"
"Allen Parish, Louisiana","9984","8137","1847","6159","2337","3822","1724","22","003"
"Assumption Parish, Louisiana","10894","8941","1953","6935","2159","4776","1214","22","007"
"Avoyelles Parish, Louisiana","18624","15217","3407","10603","4821","5782","3599","22","009"
"Bienville Parish, Louisiana","7922","5855","2067","4121","1247","2874","1277","22","013"
"Bossier Parish, Louisiana","57540","49600","7940","31586","19480","12106","17021","22","015"
"Calcasieu Parish, Louisiana","91644","78427","13217","53713","27854","25859","23122","22","019"
"Caldwell Parish, Louisiana","5251","3899","1352","2785","1259","1526","740","22","021"
"Catahoula Parish, Louisiana","5036","3394","1642","2703","1011","1692","553","22","025"
"Claiborne Parish, Louisiana","7900","5808","2092","3961","1130","2831","1155","22","027"
"De Soto Parish, Louisiana","13181","10951","2230","7891","3819","4072","2357","22","031"
"East Baton Rouge Parish, Louisiana","195178","164641","30537","99008","59694","39314","62521","22","033"
"East Feliciana Parish, Louisiana","8556","7010","1546","5615","2629","2986","1080","22","037"
"Evangeline Parish, Louisiana","15088","12393","2695","7680","3024","4656","4399","22","039"
"Grant Parish, Louisiana","9430","7054","2376","5375","2474","2901","1388","22","043"
"Iberia Parish, Louisiana","30625","26776","3849","18165","8501","9664","7533","22","045"
"Jackson Parish, Louisiana","7919","5859","2060","4066","1282","2784","1361","22","049"
"Goshen County, Wyoming","6028","5234","794","3791","1849","1942","1233","56","015"
"Johnson County, Wyoming","4645","3961","684","2808","1390","1418","992","56","019"
"Laramie County, Wyoming","43841","40202","3639","29169","19738","9431","10468","56","021"
"Lincoln County, Wyoming","9551","7348","2203","5906","3403","2503","1336","56","023"
"Niobrara County, Wyoming","1306","900","406","681","277","404","142","56","027"
"Park County, Wyoming","14569","12575","1994","9243","5006","4237","2731","56","029"
"Sheridan County, Wyoming","15053","13294","1759","8991","5190","3801","3803","56","033"
"Sublette County, Wyoming","6054","3529","2525","2932","1561","1371","498","56","035"
"Teton County, Wyoming","14015","10027","3988","5609","3130","2479","4186","56","039"
"Uinta County, Wyoming","9077","7789","1288","5996","3426","2570","1633","56","041"
"Weston County, Wyoming","3571","2882","689","2419","1218","1201","434","56","045"
"Adjuntas Municipio, Puerto Rico","7587","5810","1777","3688","612","3076","1175","72","001"
"Aguadilla Municipio, Puerto Rico","27323","21774","5549","12873","4351","8522","3956","72","005"
"Aguas Buenas Municipio, Puerto Rico","10626","8629","1997","5560","1652","3908","1162","72","007"
"Añasco Municipio, Puerto Rico","12493","8866","3627","6578","1882","4696","983","72","011"
"Arecibo Municipio, Puerto Rico","41200","32405","8795","21168","7582","13586","5598","72","013"
"Barceloneta Municipio, Puerto Rico","10219","8152","2067","5965","2273","3692","1194","72","017"
"Barranquitas Municipio, Puerto Rico","10802","8829","1973","6168","2005","4163","1207","72","019"
"Cabo Rojo Municipio, Puerto Rico","29273","16211","13062","11181","4394","6787","2173","72","023"
"Caguas Municipio, Puerto Rico","57533","48446","9087","32521","16100","16421","10065","72","025"
"Camuy Municipio, Puerto Rico","14040","11349","2691","8532","2315","6217","1348","72","027"
"Carolina Municipio, Puerto Rico","76457","61898","14559","43136","23313","19823","13653","72","031"
"Cataño Municipio, Puerto Rico","10857","8773","2084","5274","2005","3269","1882","72","033"
"Ceiba Municipio, Puerto Rico","7436","4261","3175","3072","1255","1817","569","72","037"
"Ciales Municipio, Puerto Rico","7321","5813","1508","4093","1222","2871","788","72","039"
"Coamo Municipio, Puerto Rico","16170","13199","2971","10117","3371","6746","2284","72","043"
"Comerío Municipio, Puerto Rico","7099","5264","1835","2445","752","1693","764","72","045"
"Culebra Municipio, Puerto Rico","1493","514","979","326","35","291","120","72","049"
"Dorado Municipio, Puerto Rico","15862","11842","4020","9233","3562","5671","1298","72","051"
"Florida Municipio, Puerto Rico","4957","4268","689","3064","1212","1852","698","72","054"
"Guánica Municipio, Puerto Rico","9379","5623","3756","3936","476","3460","501","72","055"
"Guayama Municipio, Puerto Rico","18153","14215","3938","10089","3245","6844","3550","72","057"
"Guaynabo Municipio, Puerto Rico","40254","31465","8789","22155","10794","11361","5948","72","061"
"Gurabo Municipio, Puerto Rico","17159","14675","2484","11714","5869","5845","1835","72","063"
"Hormigueros Municipio, Puerto Rico","7626","6291","1335","4559","1658","2901","1184","72","067"
"Humacao Municipio, Puerto Rico","26450","17816","8634","12892","4479","8413","3001","72","069"
"Jayuya Municipio, Puerto Rico","6204","5017","1187","2907","787","2120","1147","72","073"
"Juana Díaz Municipio, Puerto Rico","18719","15479","3240","11403","4129","7274","1963","72","075"
"Lajas Municipio, Puerto Rico","12188","7933","4255","5135","1392","3743","718","72","079"
"Lares Municipio, Puerto Rico","12320","10119","2201","6411","1521","4890","2079","72","081"
"Las Marías Municipio, Puerto Rico","3920","2725","1195","2064","457","1607","407","72","083"
"Las Piedras Municipio, Puerto Rico","15134","12143","2991","9579","3678","5901","1343","72","085"
"Loíza Municipio, Puerto Rico","11582","8734","2848","6130","1861","4269","1404","72","087"
"Luquillo Municipio, Puerto Rico","10381","6660","3721","4680","2083","2597","1272","72","089"
"Manatí Municipio, Puerto Rico","18526","14815","3711","10855","4130","6725","2405","72","091"
"Maricao Municipio, Puerto Rico","2602","1873","729","1380","152","1228","140","72","093"
"Maunabo Municipio, Puerto Rico","5162","3893","1269","2752","773","1979","484","72","095"
"Mayagüez Municipio, Puerto Rico","40894","29542","11352","16429","4096","12333","9944","72","097"
"Moca Municipio, Puerto Rico","16251","13482","2769","8478","2287","6191","2211","72","099"
"Morovis Municipio, Puerto Rico","11894","9691","2203","6992","2436","4556","1290","72","101"
"Naguabo Municipio, Puerto Rico","11321","8276","3045","6245","2297","3948","1143","72","103"
"Naranjito Municipio, Puerto Rico","10322","8453","1869","5907","1844","4063","856","72","105"
"Orocovis Municipio, Puerto Rico","8920","6924","1996","4674","885","3789","916","72","107"
"Patillas Municipio, Puerto Rico","8595","6101","2494","4168","1413","2755","741","72","109"
"Peñuelas Municipio, Puerto Rico","8658","6855","1803","4912","1484","3428","727","72","111"
"Ponce Municipio, Puerto Rico","65816","52439","13377","35314","11555","23759","10997","72","113"
"Quebradillas Municipio, Puerto Rico","10413","8229","2184","5815","1740","4075","1316","72","115"
"Emanuel County, Georgia","9932","8273","1659","4874","1993","2881","2903","13","107"
"Fannin County, Georgia","17481","11174","6307","8689","4204","4485","2070","13","111"
"Fayette County, Georgia","43000","40792","2208","33230","23567","9663","7264","13","113"
"Forsyth County, Georgia","83965","80319","3646","67620","52067","15553","11997","13","117"
"Fulton County, Georgia","479696","427379","52317","225903","164391","61512","197250","13","121"
"Gilmer County, Georgia","17289","12423","4866","9115","4899","4216","2798","13","123"
"Glynn County, Georgia","43486","34191","9295","22228","13397","8831","11101","13","127"
"Gordon County, Georgia","22730","20446","2284","13633","8436","5197","5993","13","129"
"Greene County, Georgia","10094","7371","2723","5662","2606","3056","1532","13","133"
"Gwinnett County, Georgia","312887","299683","13204","199187","148988","50199","98425","13","135"
"Hall County, Georgia","74544","65555","8989","45199","28348","16851","19310","13","139"
"Haralson County, Georgia","12513","11454","1059","7874","4087","3787","3192","13","143"
"Harris County, Georgia","14336","12429","1907","11093","7379","3714","1027","13","145"
"Hart County, Georgia","13237","10271","2966","7537","3435","4102","2429","13","147"
"Heard County, Georgia","5231","4649","582","3159","1686","1473","1290","13","149"
"Henry County, Georgia","82938","78204","4734","55411","42233","13178","21767","13","151"
"Houston County, Georgia","63867","58042","5825","38595","27221","11374","18637","13","153"
"Irwin County, Georgia","4086","3477","609","2411","1026","1385","831","13","155"
"Jackson County, Georgia","26093","24268","1825","19171","12954","6217","4438","13","157"
"Jasper County, Georgia","6497","5326","1171","4261","2510","1751","891","13","159"
"Jeff Davis County, Georgia","6533","5139","1394","3363","1534","1829","1443","13","161"
"Jefferson County, Georgia","7266","5583","1683","3565","1332","2233","1886","13","163"
"Jenkins County, Georgia","4567","3392","1175","2557","784","1773","752","13","165"
"Johnson County, Georgia","4127","3483","644","2470","834","1636","597","13","167"
"Jones County, Georgia","11910","10914","996","8764","4798","3966","1879","13","169"
"Lamar County, Georgia","7624","6658","966","4779","2905","1874","1727","13","171"
"Lanier County, Georgia","4440","3825","615","2397","1321","1076","1345","13","173"
"Laurens County, Georgia","21602","17159","4443","10809","3740","7069","5655","13","175"
"Lee County, Georgia","11346","10550","796","8091","5706","2385","2300","13","177"
"Liberty County, Georgia","28566","24053","4513","11059","7254","3805","12492","13","179"
"Lincoln County, Georgia","4911","3277","1634","2374","931","1443","657","13","181"
"Long County, Georgia","7040","6006","1034","3768","2233","1535","2035","13","183"
"Lumpkin County, Georgia","13768","11866","1902","8612","4994","3618","2816","13","187"
"McIntosh County, Georgia","9631","6343","3288","5207","2611","2596","1023","13","191"
"Macon County, Georgia","6101","4648","1453","2855","989","1866","1390","13","193"
"Marion County, Georgia","4225","3423","802","2597","1314","1283","694","13","197"
"Meriwether County, Georgia","10047","8255","1792","5455","2777","2678","2271","13","199"
"Mitchell County, Georgia","9086","8018","1068","5038","2367","2671","2649","13","205"
"Montgomery County, Georgia","4000","3061","939","2304","950","1354","584","13","209"
"Morgan County, Georgia","7866","7040","826","5213","3128","2085","1558","13","211"
"Muscogee County, Georgia","85012","73648","11364","36142","22540","13602","36614","13","215"
"Newton County, Georgia","39737","37543","2194","26713","19126","7587","10251","13","217"
"Oglethorpe County, Georgia","6706","5477","1229","4230","2202","2028","1038","13","221"
"Paulding County, Georgia","58077","54993","3084","42675","32306","10369","11932","13","223"
"Pickens County, Georgia","14095","12129","1966","9522","5423","4099","2358","13","227"
"Pike County, Georgia","7070","6163","907","5223","3172","2051","847","13","231"
"Polk County, Georgia","17071","15425","1646","10003","5489","4514","4882","13","233"
"Putnam County, Georgia","13270","9457","3813","7084","3850","3234","2198","13","237"
"Quitman County, Georgia","2046","958","1088","752","178","574","149","13","239"
"Randolph County, Georgia","3821","2704","1117","1351","506","845","1161","13","243"
"Rockdale County, Georgia","33858","31465","2393","20936","14841","6095","10223","13","247"
"Schley County, Georgia","2243","1861","382","1435","803","632","327","13","249"
"Seminole County, Georgia","4845","3364","1481","2219","955","1264","944","13","253"
"Spalding County, Georgia","27623","25693","1930","16438","9905","6533","8860","13","255"
"Stewart County, Georgia","2346","1845","501","1300","274","1026","454","13","259"
"Sumter County, Georgia","13877","11419","2458","6588","3655","2933","4563","13","261"
"Taliaferro County, Georgia","1057","662","395","506","110","396","122","13","265"
"Taylor County, Georgia","4623","3623","1000","2181","793","1388","1249","13","269"
"Telfair County, Georgia","7286","4481","2805","3149","673","2476","1022","13","271"
"Thomas County, Georgia","20782","17750","3032","11054","6201","4853","5863","13","275"
"Jefferson Parish, Louisiana","188576","170398","18178","106889","55217","51672","60259","22","051"
"Lafayette Parish, Louisiana","103855","92476","11379","61780","37521","24259","27936","22","055"
"Lafourche Parish, Louisiana","41535","36645","4890","27901","13696","14205","7659","22","057"
"LaSalle Parish, Louisiana","6758","4868","1890","4075","1750","2325","498","22","059"
"Lincoln Parish, Louisiana","20431","17861","2570","9190","4226","4964","7622","22","061"
"Livingston Parish, Louisiana","57636","48690","8946","40511","25599","14912","6743","22","063"
"Madison Parish, Louisiana","5179","3729","1450","2087","669","1418","1308","22","065"
"Morehouse Parish, Louisiana","12694","9738","2956","6515","2460","4055","2305","22","067"
"Natchitoches Parish, Louisiana","19286","14324","4962","7156","2759","4397","6190","22","069"
"Orleans Parish, Louisiana","192012","154826","37186","77066","41653","35413","73594","22","071"
"Ouachita Parish, Louisiana","68905","56956","11949","34160","16685","17475","20941","22","073"
"Plaquemines Parish, Louisiana","10251","8600","1651","6275","2697","3578","1935","22","075"
"Pointe Coupee Parish, Louisiana","11649","9056","2593","6889","3110","3779","1418","22","077"
"Rapides Parish, Louisiana","58564","49075","9489","31505","15889","15616","15627","22","079"
"Red River Parish, Louisiana","4230","3282","948","2353","1020","1333","602","22","081"
"Richland Parish, Louisiana","9026","7563","1463","4968","1926","3042","1982","22","083"
"Sabine Parish, Louisiana","15221","9370","5851","6557","2380","4177","2011","22","085"
"St. Bernard Parish, Louisiana","17151","15165","1986","10828","5752","5076","4123","22","087"
"St. Charles Parish, Louisiana","20806","19308","1498","15539","9049","6490","3454","22","089"
"St. Helena Parish, Louisiana","5372","3885","1487","3021","1075","1946","442","22","091"
"St. James Parish, Louisiana","8935","7907","1028","6383","2644","3739","1097","22","093"
"St. John the Baptist Parish, Louisiana","17846","15251","2595","12229","7077","5152","2754","22","095"
"St. Landry Parish, Louisiana","37110","30496","6614","21079","8839","12240","7927","22","097"
"St. Martin Parish, Louisiana","23643","19655","3988","15478","6205","9273","3134","22","099"
"St. Tammany Parish, Louisiana","104300","95054","9246","74659","46900","27759","18976","22","103"
"Tangipahoa Parish, Louisiana","56449","48548","7901","34133","18742","15391","12620","22","105"
"Terrebonne Parish, Louisiana","45546","40374","5172","28996","14032","14964","10099","22","109"
"Vermilion Parish, Louisiana","26769","22180","4589","16497","7712","8785","4601","22","113"
"Vernon Parish, Louisiana","22307","17516","4791","9235","4351","4884","7578","22","115"
"Webster Parish, Louisiana","19783","16320","3463","10825","4110","6715","4150","22","119"
"West Baton Rouge Parish, Louisiana","11319","9610","1709","7232","3412","3820","2014","22","121"
"West Feliciana Parish, Louisiana","5490","4202","1288","3052","1269","1783","849","22","125"
"Winn Parish, Louisiana","7312","5361","1951","3586","1151","2435","1342","22","127"
"Albany County, New York","142246","128122","14124","71829","44956","26873","55088","36","001"
"Bronx County, New York","533434","510135","23299","102325","59648","42677","398532","36","005"
"Broome County, New York","91155","79528","11627","51780","27882","23898","26395","36","007"
"Cayuga County, New York","37131","30870","6261","21886","12000","9886","8393","36","011"
"Chautauqua County, New York","67656","53625","14031","36795","19033","17762","15776","36","013"
"Chenango County, New York","25818","20834","4984","15574","7213","8361","4740","36","017"
"Clinton County, New York","36723","31557","5166","21421","11491","9930","9404","36","019"
"Cortland County, New York","20806","17980","2826","11906","6537","5369","5589","36","023"
"Delaware County, New York","31624","18930","12694","14296","6264","8032","4114","36","025"
"Erie County, New York","429708","392910","36798","254697","152699","101998","132865","36","029"
"Franklin County, New York","25835","18880","6955","13607","6559","7048","4695","36","033"
"Fulton County, New York","29148","22406","6742","15612","8060","7552","6099","36","035"
"Greene County, New York","29746","17681","12065","13550","7021","6529","3744","36","039"
"Hamilton County, New York","8964","1416","7548","1208","573","635","170","36","041"
"Jefferson County, New York","60119","43046","17073","23980","13573","10407","18267","36","045"
"Kings County, New York","1055660","972314","83346","295080","179190","115890","660403","36","047"
"Livingston County, New York","27601","24496","3105","18683","11177","7506","5583","36","051"
"Madison County, New York","32381","25959","6422","20365","11790","8575","5280","36","053"
"Montgomery County, New York","23529","19621","3908","13241","6675","6566","5935","36","057"
"Nassau County, New York","473238","449967","23271","365052","231068","133984","79830","36","059"
"Niagara County, New York","100539","90022","10517","64549","36002","28547","23899","36","063"
"Oneida County, New York","105459","90675","14784","62318","34121","28197","26974","36","065"
"Ontario County, New York","51213","45711","5502","33237","19749","13488","12075","36","069"
"Orange County, New York","144264","130428","13836","88453","59959","28494","40048","36","071"
"Oswego County, New York","54622","46597","8025","33912","19919","13993","11659","36","075"
"Río Grande Municipio, Puerto Rico","22904","15584","7320","11618","5134","6484","2276","72","119"
"Sabana Grande Municipio, Puerto Rico","10823","7063","3760","5417","1555","3862","915","72","121"
"San Germán Municipio, Puerto Rico","15673","11550","4123","8057","1811","6246","2043","72","125"
"San Juan Municipio, Puerto Rico","190822","145066","45756","77844","38148","39696","54231","72","127"
"San Lorenzo Municipio, Puerto Rico","16176","13676","2500","10245","2894","7351","1903","72","129"
"Santa Isabel Municipio, Puerto Rico","9219","7368","1851","5780","2278","3502","1065","72","133"
"Toa Alta Municipio, Puerto Rico","26384","22413","3971","18362","9842","8520","2527","72","135"
"Trujillo Alto Municipio, Puerto Rico","29080","23805","5275","16275","8662","7613","4500","72","139"
"Utuado Municipio, Puerto Rico","13375","10087","3288","5735","1645","4090","1711","72","141"
"Vega Baja Municipio, Puerto Rico","24677","19343","5334","14974","5175","9799","2403","72","145"
"Vieques Municipio, Puerto Rico","4940","2405","2535","1690","114","1576","390","72","147"
"Villalba Municipio, Puerto Rico","9303","7932","1371","5684","1106","4578","1023","72","149"
"Yauco Municipio, Puerto Rico","17672","11654","6018","8695","2218","6477","1048","72","153"
"Anderson County, Texas","20639","16555","4084","11844","5179","6665","4037","48","001"
"Angelina County, Texas","37087","31368","5719","20617","8767","11850","9848","48","005"
"Aransas County, Texas","16249","9917","6332","8117","2716","5401","1548","48","007"
"Armstrong County, Texas","913","720","193","595","285","310","123","48","011"
"Atascosa County, Texas","18638","15798","2840","12279","4936","7343","2707","48","013"
"Bailey County, Texas","2677","2056","621","1592","580","1012","322","48","017"
"Bandera County, Texas","12003","8697","3306","7540","3159","4381","806","48","019"
"Baylor County, Texas","2601","1621","980","1196","250","946","355","48","023"
"Bee County, Texas","10723","8499","2224","5503","1768","3735","2632","48","025"
"Bexar County, Texas","699646","644561","55085","377055","229331","147724","256307","48","029"
"Blanco County, Texas","5834","4665","1169","3643","1457","2186","820","48","031"
"Bosque County, Texas","9776","7255","2521","5524","2187","3337","1493","48","035"
"Brazoria County, Texas","139462","124184","15278","91024","55213","35811","31667","48","039"
"Brazos County, Texas","91831","81514","10317","38290","21554","16736","42153","48","041"
"Briscoe County, Texas","996","588","408","420","96","324","117","48","045"
"Brooks County, Texas","3541","2475","1066","1487","318","1169","643","48","047"
"Burleson County, Texas","9258","6931","2327","5386","1676","3710","1298","48","051"
"Burnet County, Texas","23337","17384","5953","13704","6476","7228","3359","48","053"
"Calhoun County, Texas","12091","8027","4064","5917","2329","3588","1782","48","057"
"Callahan County, Texas","6739","5372","1367","4481","1772","2709","757","48","059"
"Camp County, Texas","5814","4460","1354","3208","1329","1879","1185","48","063"
"Carson County, Texas","2787","2332","455","1964","813","1151","264","48","065"
"Castro County, Texas","3179","2557","622","1494","538","956","911","48","069"
"Chambers County, Texas","16279","14266","2013","12245","7313","4932","1691","48","071"
"Childress County, Texas","2860","2308","552","1365","436","929","865","48","075"
"Clay County, Texas","5272","4159","1113","3385","1414","1971","553","48","077"
"Coke County, Texas","2687","1625","1062","1085","250","835","368","48","081"
"Coleman County, Texas","5547","3492","2055","2623","834","1789","683","48","083"
"Collingsworth County, Texas","1467","1029","438","773","195","578","205","48","087"
"Colorado County, Texas","10755","7442","3313","6222","1995","4227","1039","48","089"
"Comal County, Texas","60661","54586","6075","40865","25059","15806","13211","48","091"
"Comanche County, Texas","7399","5416","1983","4446","1567","2879","748","48","093"
"Concho County, Texas","1659","876","783","713","200","513","106","48","095"
"Cooke County, Texas","16986","15530","1456","10869","5547","5322","3967","48","097"
"Coryell County, Texas","26879","22324","4555","13590","7872","5718","8366","48","099"
"Rincón Municipio, Puerto Rico","9399","5430","3969","3739","847","2892","693","72","117"
"Cottle County, Texas","1100","703","397","438","134","304","216","48","101"
"Crane County, Texas","1684","1500","184","1329","412","917","158","48","103"
"Crockett County, Texas","1963","1394","569","923","183","740","294","48","105"
"Crosby County, Texas","2909","2107","802","1530","455","1075","486","48","107"
"Culberson County, Texas","1037","668","369","442","50","392","157","48","109"
"Dallam County, Texas","2952","2344","608","1795","780","1015","434","48","111"
"Dallas County, Texas","1027813","945996","81817","476375","285425","190950","458924","48","113"
"Dawson County, Texas","5171","4430","741","3102","930","2172","1123","48","115"
"Deaf Smith County, Texas","7079","6053","1026","3962","1465","2497","1747","48","117"
"Delta County, Texas","2496","2066","430","1670","766","904","347","48","119"
"Knox County, Ohio","25899","23027","2872","16627","10660","5967","5729","39","083"
"Licking County, Ohio","71034","64466","6568","46764","31269","15495","16749","39","089"
"Lucas County, Ohio","203586","181472","22114","108632","67030","41602","70111","39","095"
"Mahoning County, Ohio","111292","98869","12423","68815","36511","32304","28137","39","099"
"Meigs County, Ohio","11223","9090","2133","7008","2773","4235","1615","39","105"
"Monroe County, Ohio","7476","5854","1622","4569","1613","2956","960","39","111"
"Morrow County, Ohio","14337","13064","1273","10773","6543","4230","2052","39","117"
"Ottawa County, Ohio","28600","18240","10360","14406","8386","6020","3363","39","123"
"Pickaway County, Ohio","21539","19808","1731","14585","9267","5318","4598","39","129"
"Towns County, Georgia","8291","5006","3285","4027","1985","2042","822","13","281"
"Treutlen County, Georgia","3002","2395","607","1501","567","934","705","13","283"
"Turner County, Georgia","3936","3208","728","2067","927","1140","1070","13","287"
"Union County, Georgia","14841","10231","4610","8016","3884","4132","1730","13","291"
"Upson County, Georgia","12147","10399","1748","6779","2979","3800","3223","13","293"
"Walton County, Georgia","34311","32094","2217","24420","15790","8630","7218","13","297"
"Ware County, Georgia","16794","13657","3137","8693","4225","4468","4612","13","299"
"Washington County, Georgia","9397","7719","1678","5147","2158","2989","2068","13","303"
"Webster County, Georgia","1536","1115","421","972","278","694","106","13","307"
"Wheeler County, Georgia","2625","1774","851","1231","202","1029","428","13","309"
"Whitfield County, Georgia","40236","36412","3824","23988","12360","11628","11700","13","313"
"Wilcox County, Georgia","3523","2542","981","1946","584","1362","443","13","315"
"Wilkinson County, Georgia","4483","3301","1182","2548","766","1782","548","13","319"
"Hawaii County, Hawaii","88624","71747","16877","49721","28499","21222","19573","15","001"
"Honolulu County, Hawaii","352788","316928","35860","182360","120650","61710","128613","15","003"
"Kalawao County, Hawaii","363","306","57","0","0","0","87","15","005"
"Kauai County, Hawaii","31261","23331","7930","15178","8855","6323","7201","15","007"
"Maui County, Hawaii","73535","55620","17915","34778","23697","11081","19064","15","009"
"Ada County, Idaho","187116","179708","7408","126138","88844","37294","51860","16","001"
"Adams County, Idaho","2687","1726","961","1421","670","751","237","16","003"
"Bannock County, Idaho","34550","31669","2881","21681","13064","8617","9573","16","005"
"Bear Lake County, Idaho","4155","2455","1700","1927","1083","844","364","16","007"
"Benewah County, Idaho","4750","3564","1186","2627","1348","1279","853","16","009"
"Bingham County, Idaho","16895","15612","1283","12216","6931","5285","3059","16","011"
"Blaine County, Idaho","15523","8318","7205","6039","3820","2219","1982","16","013"
"Boise County, Idaho","5617","3351","2266","2771","1412","1359","487","16","015"
"Bonner County, Idaho","25258","17998","7260","13706","7468","6238","3932","16","017"
"Bonneville County, Idaho","43734","40946","2788","28568","18984","9584","11982","16","019"
"Boundary County, Idaho","5528","4596","932","3505","1753","1752","856","16","021"
"Butte County, Idaho","1292","966","326","762","318","444","147","16","023"
"Camas County, Idaho","852","391","461","295","189","106","63","16","025"
"Canyon County, Idaho","78323","75494","2829","54415","38550","15865","19695","16","027"
"Caribou County, Idaho","3317","2562","755","2000","1091","909","360","16","029"
"Cassia County, Idaho","8838","7832","1006","5414","3035","2379","1832","16","031"
"Clark County, Idaho","561","332","229","181","56","125","117","16","033"
"Custer County, Idaho","3252","1889","1363","1506","455","1051","331","16","037"
"Franklin County, Idaho","4890","4432","458","3713","2101","1612","651","16","041"
"Fremont County, Idaho","9089","4464","4625","3627","1788","1839","748","16","043"
"Gooding County, Idaho","6248","5615","633","3912","2312","1600","1429","16","047"
"Idaho County, Idaho","8769","6462","2307","5008","2164","2844","1133","16","049"
"Jerome County, Idaho","8590","8004","586","5449","3265","2184","2277","16","053"
"Latah County, Idaho","17132","15737","1395","8720","5082","3638","6863","16","057"
"Lemhi County, Idaho","4910","3717","1193","2931","1516","1415","564","16","059"
"Lincoln County, Idaho","2015","1804","211","1250","806","444","430","16","063"
"Madison County, Idaho","14680","11858","2822","4944","2983","1961","6786","16","065"
"Nez Perce County, Idaho","17920","16548","1372","12077","7696","4381","4279","16","069"
"Owyhee County, Idaho","4956","4429","527","3185","1593","1592","908","16","073"
"Tift County, Georgia","16850","14868","1982","9166","5240","3926","5314","13","277"
"Payette County, Idaho","9525","9086","439","6423","4150","2273","2527","16","075"
"Shoshone County, Idaho","7146","5436","1710","3909","1817","2092","1371","16","079"
"Teton County, Idaho","5982","4290","1692","3350","2062","1288","911","16","081"
"Valley County, Idaho","12541","3920","8621","3248","1825","1423","628","16","085"
"Washington County, Idaho","4670","4263","407","3097","1672","1425","1102","16","087"
"Alexander County, Illinois","3965","2252","1713","1685","622","1063","490","17","003"
"Boone County, Illinois","20079","18799","1280","15499","10563","4936","3208","17","007"
"Brown County, Illinois","2454","2090","364","1601","830","771","433","17","009"
"Calhoun County, Illinois","2896","1661","1235","1473","675","798","125","17","013"
"Carroll County, Illinois","8453","6511","1942","4935","2207","2728","1289","17","015"
"Champaign County, Illinois","93679","83059","10620","44088","27495","16593","38087","17","019"
"Clark County, Illinois","7822","6726","1096","5243","2993","2250","1301","17","023"
"Otsego County, New York","31300","23768","7532","17157","8784","8373","6161","36","077"
"Queens County, New York","864790","783362","81428","353375","199335","154040","413285","36","081"
"Rensselaer County, New York","73251","65455","7796","41200","25853","15347","23422","36","083"
"Rockland County, New York","106621","101167","5454","68703","44725","23978","31465","36","087"
"St. Lawrence County, New York","53328","41925","11403","30387","15574","14813","10654","36","089"
"Saratoga County, New York","107192","95898","11294","69128","44463","24665","25677","36","091"
"Schenectady County, New York","69885","57479","12406","36775","23436","13339","20016","36","093"
"Schoharie County, New York","17533","12780","4753","9630","5285","4345","2805","36","095"
"Schuyler County, New York","9852","7402","2450","5537","2583","2954","1609","36","097"
"Seneca County, New York","16409","13784","2625","10011","5511","4500","3492","36","099"
"Steuben County, New York","49688","40099","9589","29258","14902","14356","10015","36","101"
"Suffolk County, New York","576804","495667","81137","403707","260567","143140","87151","36","103"
"Sullivan County, New York","50966","28762","22204","19980","9993","9987","7911","36","105"
"Tioga County, New York","22571","20643","1928","16071","8062","8009","4209","36","107"
"Tompkins County, New York","44019","40817","3202","22025","12995","9030","18087","36","109"
"Ulster County, New York","85372","70088","15284","48108","27822","20286","20393","36","111"
"Warren County, New York","40119","29034","11085","20516","12547","7969","8021","36","113"
"Washington County, New York","29562","24054","5508","17494","9770","7724","6220","36","115"
"Wayne County, New York","41792","37281","4511","29114","18006","11108","7514","36","117"
"Westchester County, New York","376315","353485","22830","216939","137892","79047","131141","36","119"
"Wyoming County, New York","18297","16055","2242","12296","6826","5470","3406","36","121"
"Yates County, New York","13919","8901","5018","6805","3438","3367","1915","36","123"
"Alamance County, North Carolina","71718","65455","6263","43538","26286","17252","20716","37","001"
"Alexander County, North Carolina","16538","14049","2489","11232","5698","5534","2627","37","003"
"Alleghany County, North Carolina","8199","5001","3198","3774","1932","1842","975","37","005"
"Ashe County, North Carolina","17835","11885","5950","9393","3972","5421","1800","37","009"
"Avery County, North Carolina","14289","6569","7720","5105","2248","2857","1198","37","011"
"Bertie County, North Carolina","9835","8008","1827","5691","2661","3030","1861","37","015"
"Bladen County, North Carolina","18008","13394","4614","9666","3921","5745","2886","37","017"
"Buncombe County, North Carolina","125872","105177","20695","66631","38378","28253","35658","37","021"
"Burke County, North Carolina","41393","35664","5729","26926","14008","12918","7644","37","023"
"Caldwell County, North Carolina","38158","32798","5360","24057","12537","11520","7958","37","027"
"Camden County, North Carolina","4323","3912","411","3010","2084","926","749","37","029"
"Caswell County, North Carolina","10833","8993","1840","6676","3278","3398","1996","37","033"
"Catawba County, North Carolina","69509","62940","6569","44608","26973","17635","17107","37","035"
"Cherokee County, North Carolina","18452","12546","5906","10230","4575","5655","2138","37","039"
"Chowan County, North Carolina","7322","6389","933","4162","2097","2065","1901","37","041"
"Clay County, North Carolina","7389","5300","2089","3866","1759","2107","1089","37","043"
"Columbus County, North Carolina","26381","21545","4836","15531","6866","8665","4587","37","047"
"Craven County, North Carolina","47437","41002","6435","26646","15469","11177","13528","37","049"
"Currituck County, North Carolina","16101","10868","5233","9113","6239","2874","1486","37","053"
"Dare County, North Carolina","35007","15830","19177","12062","7767","4295","3457","37","055"
"Davie County, North Carolina","18998","16303","2695","13384","7490","5894","2496","37","059"
"Duplin County, North Carolina","26014","21437","4577","15415","6326","9089","5284","37","061"
"Edgecombe County, North Carolina","25013","20800","4213","12864","6252","6612","7338","37","065"
"Forsyth County, North Carolina","166765","148890","17875","92746","60342","32404","53763","37","067"
"Gaston County, North Carolina","93897","85286","8611","56285","35199","21086","27203","37","071"
"Gates County, North Carolina","5428","4690","738","3631","1963","1668","727","37","073"
"Granville County, North Carolina","24587","21567","3020","16184","9983","6201","4836","37","077"
"Greene County, North Carolina","8352","7218","1134","5026","2438","2588","1899","37","079"
"Halifax County, North Carolina","25953","21061","4892","12985","5996","6989","7055","37","083"
"Harnett County, North Carolina","52531","46525","6006","30780","19796","10984","14609","37","085"
"Henderson County, North Carolina","58196","49715","8481","36894","21428","15466","11942","37","089"
"Hertford County, North Carolina","10648","8903","1745","5933","2950","2983","2656","37","091"
"Hoke County, North Carolina","21131","18448","2683","12542","8297","4245","5441","37","093"
"Iredell County, North Carolina","75619","68374","7245","49129","32616","16513","17457","37","097"
"Jackson County, North Carolina","27641","17008","10633","10827","4837","5990","5183","37","099"
"Denton County, Texas","318269","300585","17684","196219","143136","53083","101642","48","121"
"DeWitt County, Texas","9253","6823","2430","4900","1566","3334","1569","48","123"
"Dickens County, Texas","1363","861","502","668","118","550","104","48","125"
"Dimmit County, Texas","4454","3178","1276","2227","558","1669","705","48","127"
"Donley County, Texas","2150","1344","806","980","270","710","295","48","129"
"Duval County, Texas","5591","3407","2184","2359","442","1917","830","48","131"
"Ector County, Texas","59155","53602","5553","35106","16093","19013","17287","48","135"
"Edwards County, Texas","1658","787","871","581","99","482","172","48","137"
"El Paso County, Texas","299067","273662","25405","170433","95363","75070","98036","48","141"
"Erath County, Texas","18422","14263","4159","9261","4502","4759","4748","48","143"
"Fannin County, Texas","14478","12391","2087","9205","4121","5084","2738","48","147"
"Fayette County, Texas","14010","9033","4977","7537","2689","4848","1253","48","149"
"Floyd County, Texas","2966","2184","782","1631","530","1101","422","48","153"
"Foard County, Texas","829","509","320","420","110","310","68","48","155"
"Franklin County, Texas","5841","3960","1881","3285","1465","1820","606","48","159"
"Freestone County, Texas","9565","6736","2829","5208","1895","3313","1030","48","161"
"Gaines County, Texas","6505","5878","627","4248","1875","2373","1096","48","165"
"Garza County, Texas","2187","1713","474","1171","311","860","477","48","169"
"Gillespie County, Texas","13218","10820","2398","7722","3004","4718","2589","48","171"
"Goliad County, Texas","3780","2840","940","2284","776","1508","323","48","175"
"Gonzales County, Texas","9048","7465","1583","5230","1674","3556","1881","48","177"
"Grayson County, Texas","56749","49327","7422","33648","16843","16805","14622","48","181"
"Gregg County, Texas","52256","46174","6082","27354","14179","13175","17956","48","183"
"Guadalupe County, Texas","59964","55710","4254","43073","26095","16978","11865","48","187"
"Hale County, Texas","13382","10888","2494","6890","2852","4038","3479","48","189"
"Hamilton County, Texas","4545","3007","1538","2518","869","1649","394","48","193"
"Hansford County, Texas","2342","1859","483","1428","564","864","386","48","195"
"Hardin County, Texas","25111","21188","3923","17197","7578","9619","3437","48","199"
"Harris County, Texas","1795219","1635749","159470","897913","530400","367513","716666","48","201"
"Hartley County, Texas","1908","1691","217","1104","593","511","519","48","205"
"Haskell County, Texas","3465","2162","1303","1551","387","1164","510","48","207"
"Hemphill County, Texas","1744","1356","388","915","335","580","346","48","211"
"Henderson County, Texas","41502","31649","9853","24118","9779","14339","6517","48","213"
"Hill County, Texas","16409","13094","3315","9527","4219","5308","3015","48","217"
"Hockley County, Texas","9392","8071","1321","5901","2329","3572","1849","48","219"
"Hopkins County, Texas","15441","13514","1927","9347","4043","5304","3552","48","223"
"Houston County, Texas","11804","8234","3570","5797","1848","3949","2027","48","225"
"Hudspeth County, Texas","1595","1127","468","828","218","610","175","48","229"
"Hunt County, Texas","38119","33596","4523","23357","12002","11355","9709","48","231"
"Irion County, Texas","885","636","249","525","177","348","103","48","235"
"Jack County, Texas","4177","3169","1008","2455","1012","1443","615","48","237"
"Jasper County, Texas","17375","13725","3650","10446","3626","6820","2697","48","241"
"Jeff Davis County, Texas","1766","991","775","830","100","730","112","48","243"
"Jim Hogg County, Texas","2370","1545","825","1102","449","653","364","48","247"
"Jim Wells County, Texas","16409","12924","3485","9172","3181","5991","2923","48","249"
"Jones County, Texas","7054","5646","1408","4444","1838","2606","931","48","253"
"Karnes County, Texas","6063","4552","1511","3340","944","2396","1120","48","255"
"Kaufman County, Texas","42292","39237","3055","30075","18711","11364","8807","48","257"
"Kendall County, Texas","16488","14789","1699","11239","6460","4779","3229","48","259"
"Kenedy County, Texas","221","129","92","27","0","27","24","48","261"
"Kent County, Texas","517","286","231","233","33","200","26","48","263"
"Kerr County, Texas","24796","21278","3518","14561","5910","8651","6141","48","265"
"Kimble County, Texas","3318","1967","1351","1488","353","1135","389","48","267"
"King County, Texas","151","90","61","35","6","29","8","48","269"
"Kinney County, Texas","2010","1475","535","1110","214","896","269","48","271"
"Kleberg County, Texas","13310","11140","2170","5815","2629","3186","4946","48","273"
"Knox County, Texas","2030","1394","636","1180","341","839","135","48","275"
"Lamar County, Texas","22807","19995","2812","12940","5367","7573","6516","48","277"
"Lamb County, Texas","6069","4706","1363","3441","1034","2407","928","48","279"
"Lampasas County, Texas","9459","7823","1636","6245","3490","2755","1469","48","281"
"La Salle County, Texas","2809","2142","667","1585","455","1130","337","48","283"
"Portage County, Ohio","69437","62785","6652","44309","27693","16616","17584","39","133"
"Richland County, Ohio","54149","48967","5182","32762","18765","13997","15545","39","139"
"Scioto County, Ohio","34568","29561","5007","19924","9224","10700","8749","39","145"
"Stark County, Ohio","166995","154322","12673","105096","66057","39039","46815","39","151"
"Tuscarawas County, Ohio","40247","36906","3341","26155","13838","12317","9931","39","157"
"Vinton County, Ohio","6272","5221","1051","3992","1803","2189","897","39","163"
"Cotton County, Oklahoma","2994","2215","779","1633","656","977","465","40","033"
"Custer County, Oklahoma","12661","10697","1964","6859","3462","3397","3446","40","039"
"Ellis County, Oklahoma","2267","1581","686","1219","344","875","263","40","045"
"Grady County, Oklahoma","22899","20107","2792","15395","8679","6716","4174","40","051"
"Harmon County, Oklahoma","1531","1091","440","754","263","491","251","40","057"
"Hughes County, Oklahoma","6263","4106","2157","3006","1018","1988","624","40","063"
"Johnston County, Oklahoma","5220","4313","907","3155","1134","2021","876","40","069"
"Kiowa County, Oklahoma","5122","3554","1568","2556","812","1744","798","40","075"
"Lincoln County, Oklahoma","15433","13022","2411","10532","5151","5381","1943","40","081"
"McClain County, Oklahoma","15943","14783","1160","11652","6996","4656","2829","40","087"
"Major County, Oklahoma","3685","3064","621","2474","954","1520","419","40","093"
"Murray County, Oklahoma","6873","5207","1666","3716","1684","2032","1299","40","099"
"Nowata County, Oklahoma","4889","4128","761","3016","1340","1676","869","40","105"
"Oklahoma County, Oklahoma","341512","305780","35732","181874","109700","72174","118243","40","109"
"Ottawa County, Oklahoma","14091","11919","2172","8204","3986","4218","3187","40","115"
"Pittsburg County, Oklahoma","23113","17846","5267","12947","6012","6935","4149","40","121"
"Pushmataha County, Oklahoma","6173","4477","1696","3335","1053","2282","935","40","127"
"Seminole County, Oklahoma","11713","9357","2356","6351","2423","3928","2435","40","133"
"Texas County, Oklahoma","8274","6761","1513","4527","2111","2416","1989","40","139"
"Wagoner County, Oklahoma","32781","29591","3190","23425","14570","8855","5508","40","145"
"Woods County, Oklahoma","4408","3140","1268","2146","1023","1123","862","40","151"
"Benton County, Oregon","38713","36051","2662","20460","12366","8094","15068","41","003"
"Morrow County, Oregon","4699","4093","606","2987","1643","1344","1022","41","049"
"Polk County, Oregon","32572","30726","1846","20097","13628","6469","10027","41","053"
"Umatilla County, Oregon","30722","26823","3899","17520","10106","7414","8767","41","059"
"Wasco County, Oregon","11712","10333","1379","6641","3809","2832","3428","41","065"
"Yamhill County, Oregon","39504","37542","1962","26349","18250","8099","10568","41","071"
"Newport County, Rhode Island","42668","34578","8090","22434","14050","8384","11603","44","005"
"Adams County, Pennsylvania","42525","39628","2897","30850","19434","11416","7902","42","001"
"Beaver County, Pennsylvania","79587","72086","7501","52598","29473","23125","17880","42","007"
"Blair County, Pennsylvania","56960","51647","5313","36288","19622","16666","14263","42","013"
"Butler County, Pennsylvania","84106","77725","6381","59092","34501","24591","17410","42","019"
"Carbon County, Pennsylvania","34817","26545","8272","19893","11201","8692","6093","42","025"
"Clarion County, Pennsylvania","20554","15930","4624","11075","5439","5636","4352","42","031"
"Columbia County, Pennsylvania","30299","26482","3817","18072","9468","8604","7659","42","037"
"Dauphin County, Pennsylvania","124874","113759","11115","72073","46382","25691","40328","42","043"
"Erie County, Pennsylvania","121613","110388","11225","73941","42026","31915","34715","42","049"
"Franklin County, Pennsylvania","65808","61617","4191","43688","26445","17243","16731","42","055"
"Huntingdon County, Pennsylvania","22727","16779","5948","12927","6381","6546","3320","42","061"
"Juniata County, Pennsylvania","11257","9380","1877","6928","3614","3314","2132","42","067"
"Lawrence County, Pennsylvania","41317","37300","4017","27882","15449","12433","8306","42","073"
"Luzerne County, Pennsylvania","150235","130039","20196","88467","47852","40615","38136","42","079"
"Mifflin County, Pennsylvania","21909","19075","2834","13926","7158","6768","4721","42","087"
"Westmoreland County, Pennsylvania","170765","153772","16993","119286","65627","53659","31165","42","129"
"Aiken County, South Carolina","77606","68266","9340","50318","27800","22518","16200","45","003"
"Bamberg County, South Carolina","7715","5070","2645","3910","1188","2722","914","45","009"
"Berkeley County, South Carolina","86274","79597","6677","57554","37402","20152","19571","45","015"
"Cherokee County, South Carolina","24675","20779","3896","14722","7005","7717","5256","45","021"
"Clarendon County, South Carolina","17908","12775","5133","9875","4266","5609","2288","45","027"
"Dorchester County, South Carolina","61445","56939","4506","41270","28831","12439","15068","45","035"
"Florence County, South Carolina","61353","52880","8473","34750","18911","15839","16038","45","041"
"Greenwood County, South Carolina","31549","27977","3572","17439","9075","8364","9690","45","047"
"Clay County, Illinois","6452","5607","845","4164","1956","2208","1234","17","025"
"Coles County, Illinois","23481","20972","2509","12596","6226","6370","8046","17","029"
"Cook County, Illinois","2198489","1991474","207015","1139938","728636","411302","826287","17","031"
"Cumberland County, Illinois","4879","4229","650","3432","1628","1804","659","17","035"
"DeKalb County, Illinois","41245","38616","2629","22375","15037","7338","15813","17","037"
"Douglas County, Illinois","8469","7600","869","5767","2981","2786","1669","17","041"
"Edgar County, Illinois","8827","7851","976","5838","2893","2945","1837","17","045"
"Edwards County, Illinois","3204","2756","448","2212","857","1355","481","17","047"
"Fayette County, Illinois","9306","7918","1388","6440","2835","3605","1229","17","051"
"Ford County, Illinois","6335","5824","511","4321","2165","2156","1317","17","053"
"Fulton County, Illinois","16340","14072","2268","11093","5635","5458","2732","17","057"
"Gallatin County, Illinois","2744","2274","470","1752","630","1122","444","17","059"
"Grundy County, Illinois","21113","20071","1042","14619","9359","5260","5235","17","063"
"Hancock County, Illinois","9248","7542","1706","6152","2490","3662","1225","17","067"
"Hardin County, Illinois","2347","1515","832","1194","464","730","238","17","069"
"Henry County, Illinois","22168","19996","2172","15761","8902","6859","3884","17","073"
"Iroquois County, Illinois","13514","11845","1669","9041","4621","4420","2589","17","075"
"Jasper County, Illinois","4352","3791","561","3156","1437","1719","532","17","079"
"Jefferson County, Illinois","17031","14792","2239","10623","5299","5324","3762","17","081"
"Jersey County, Illinois","10160","8158","2002","6695","3988","2707","1291","17","083"
"Jo Daviess County, Illinois","13723","10069","3654","7718","4062","3656","2078","17","085"
"Johnson County, Illinois","5625","4174","1451","3478","1499","1979","588","17","087"
"Kane County, Illinois","189301","181845","7456","135623","94912","40711","44991","17","089"
"Kankakee County, Illinois","45626","40297","5329","27022","16516","10506","12776","17","091"
"Kendall County, Illinois","42378","41398","980","34563","27224","7339","6791","17","093"
"Knox County, Illinois","23890","20428","3462","13584","7349","6235","6295","17","095"
"Lake County, Illinois","264681","248684","15997","182892","123186","59706","63184","17","097"
"LaSalle County, Illinois","50120","45089","5031","32605","17820","14785","11691","17","099"
"Lawrence County, Illinois","7175","6166","1009","4406","2141","2265","1465","17","101"
"Lee County, Illinois","15086","13634","1452","9485","5480","4005","3837","17","103"
"Livingston County, Illinois","15884","14366","1518","10333","5717","4616","3702","17","105"
"Logan County, Illinois","12040","10958","1082","7815","4493","3322","3004","17","107"
"McDonough County, Illinois","14392","11573","2819","7323","3983","3340","4069","17","109"
"McHenry County, Illinois","118900","113269","5631","90779","64771","26008","21513","17","111"
"McLean County, Illinois","72580","66225","6355","43005","27495","15510","22634","17","113"
"Macon County, Illinois","50364","43810","6554","30265","16226","14039","12717","17","115"
"Macoupin County, Illinois","21769","18577","3192","13986","7348","6638","3991","17","117"
"Madison County, Illinois","119660","108429","11231","78424","49151","29273","28404","17","119"
"Marshall County, Illinois","5919","4922","997","3967","1918","2049","847","17","123"
"Mason County, Illinois","7026","5917","1109","4587","2131","2456","1109","17","125"
"Menard County, Illinois","5737","5211","526","4098","2455","1643","922","17","129"
"Mercer County, Illinois","7431","6477","954","5098","3033","2065","1235","17","131"
"Montgomery County, Illinois","13122","11619","1503","8875","4467","4408","2226","17","135"
"Morgan County, Illinois","15467","13560","1907","9422","5262","4160","3830","17","137"
"Ogle County, Illinois","22687","20967","1720","15070","9199","5871","5435","17","141"
"Perry County, Illinois","9634","8504","1130","6271","3032","3239","1859","17","145"
"Piatt County, Illinois","7435","6755","680","5561","3388","2173","1097","17","147"
"Pope County, Illinois","2644","1618","1026","1286","435","851","252","17","151"
"Pulaski County, Illinois","3163","2050","1113","1529","494","1035","440","17","153"
"Randolph County, Illinois","13951","12047","1904","8848","4544","4304","2777","17","157"
"Richland County, Illinois","7525","6527","998","4776","2053","2723","1442","17","159"
"St. Clair County, Illinois","120618","104631","15987","68919","41788","27131","33891","17","163"
"Sangamon County, Illinois","91952","84093","7859","58861","36010","22851","24184","17","167"
"Schuyler County, Illinois","3448","2730","718","2099","892","1207","552","17","169"
"Shelby County, Illinois","10628","9158","1470","7350","3392","3958","1554","17","173"
"Stark County, Illinois","2651","2304","347","1849","853","996","396","17","175"
"Tazewell County, Illinois","58941","53997","4944","41235","25189","16046","11925","17","179"
"Union County, Illinois","8009","6813","1196","5314","2578","2736","1232","17","181"
"Wabash County, Illinois","5559","4780","779","3847","1725","2122","809","17","185"
"Jones County, North Carolina","5009","4069","940","3021","1233","1788","822","37","103"
"Lee County, North Carolina","24613","22290","2323","14435","8627","5808","7256","37","105"
"Lincoln County, North Carolina","36655","33621","3034","25486","16253","9233","7489","37","109"
"McDowell County, North Carolina","21503","18275","3228","13474","6479","6995","4226","37","111"
"Madison County, North Carolina","11067","8373","2694","6271","2685","3586","1611","37","115"
"Martin County, North Carolina","11592","9622","1970","6371","3053","3318","2847","37","117"
"Mitchell County, North Carolina","8844","6402","2442","5098","2470","2628","1109","37","121"
"Montgomery County, North Carolina","16297","10265","6032","7521","3576","3945","2234","37","123"
"Moore County, North Carolina","48003","40575","7428","31179","18183","12996","8633","37","125"
"Nash County, North Carolina","43192","37371","5821","24158","14193","9965","12144","37","127"
"New Hanover County, North Carolina","113125","97998","15127","57212","39323","17889","39131","37","129"
"Northampton County, North Carolina","11663","8424","3239","5994","2515","3479","1964","37","131"
"Onslow County, North Carolina","80247","66131","14116","35858","25118","10740","28387","37","133"
"Orange County, North Carolina","58993","53222","5771","33950","22271","11679","18314","37","135"
"Pamlico County, North Carolina","7772","5506","2266","4229","2126","2103","931","37","137"
"Pasquotank County, North Carolina","17279","14785","2494","9144","5388","3756","5277","37","139"
"Pender County, North Carolina","29561","22812","6749","18390","11132","7258","3944","37","141"
"Perquimans County, North Carolina","7171","5886","1285","4587","2624","1963","1029","37","143"
"Person County, North Carolina","18578","16153","2425","12626","7341","5285","3216","37","145"
"Pitt County, North Carolina","80255","70683","9572","37214","24834","12380","32273","37","147"
"Polk County, North Carolina","11783","9252","2531","6995","3513","3482","1709","37","149"
"Randolph County, North Carolina","62670","56790","5880","41432","23140","18292","14081","37","151"
"Richmond County, North Carolina","21775","18201","3574","12000","6090","5910","5383","37","153"
"Robeson County, North Carolina","53384","45881","7503","30438","11542","18896","12991","37","155"
"Rockingham County, North Carolina","44245","38532","5713","26792","14246","12546","10548","37","157"
"Rowan County, North Carolina","62052","54137","7915","37719","21892","15827","14704","37","159"
"Rutherford County, North Carolina","34482","27525","6957","19714","8891","10823","6697","37","161"
"Sampson County, North Carolina","27885","23162","4723","16678","7684","8994","5676","37","163"
"Scotland County, North Carolina","15343","12951","2392","7749","3651","4098","4603","37","165"
"Stokes County, North Carolina","22296","19608","2688","15270","8998","6272","3801","37","169"
"Surry County, North Carolina","34279","29001","5278","21075","11009","10066","7011","37","171"
"Transylvania County, North Carolina","19752","14648","5104","11071","5128","5943","3051","37","175"
"Tyrrell County, North Carolina","2230","1652","578","1204","485","719","356","37","177"
"Vance County, North Carolina","20152","16895","3257","9807","4897","4910","6126","37","181"
"Wake County, North Carolina","441720","410552","31168","262278","197802","64476","144759","37","183"
"Washington County, North Carolina","6450","5237","1213","3327","1317","2010","1733","37","187"
"Watauga County, North Carolina","34065","21453","12612","13063","7187","5876","7826","37","189"
"Wilkes County, North Carolina","33664","28902","4762","21931","9796","12135","6070","37","193"
"Wilson County, North Carolina","36332","31968","4364","19322","10937","8385","11987","37","195"
"Yancey County, North Carolina","11270","7466","3804","5444","2560","2884","1620","37","199"
"Atlantic County, New Jersey","128472","101103","27369","67657","43436","24221","31962","34","001"
"Burlington County, New Jersey","179955","168195","11760","126343","86743","39600","40633","34","005"
"Camden County, New Jersey","206247","190660","15587","124997","83741","41256","63700","34","007"
"Cumberland County, New Jersey","56411","50947","5464","33769","20446","13323","16614","34","011"
"Essex County, New Jersey","318385","290680","27705","129015","89898","39117","158829","34","013"
"Hudson County, New Jersey","284561","261289","23272","84542","57884","26658","174039","34","017"
"Hunterdon County, New Jersey","50437","47647","2790","39978","26969","13009","7052","34","019"
"Middlesex County, New Jersey","302650","287971","14679","183379","120770","62609","100994","34","023"
"Monmouth County, New Jersey","262088","238235","23853","177116","118908","58208","58601","34","025"
"Ocean County, New Jersey","284773","229454","55319","184317","110205","74112","42331","34","029"
"Passaic County, New Jersey","177216","168681","8535","88299","58259","30040","77970","34","031"
"Somerset County, New Jersey","127090","119721","7369","90666","60417","30249","27935","34","035"
"Sussex County, New Jersey","62492","54166","8326","45288","32078","13210","8393","34","037"
"Warren County, New Jersey","45548","42322","3226","30816","20541","10275","10925","34","041"
"Adams County, Indiana","13328","12512","816","9739","6094","3645","2552","18","001"
"Bartholomew County, Indiana","34480","31772","2708","22529","14214","8315","8542","18","005"
"Benton County, Indiana","3917","3435","482","2546","1461","1085","749","18","007"
"Lee County, Texas","7792","6159","1633","4958","1973","2985","1022","48","287"
"Leon County, Texas","9880","6837","3043","5338","1594","3744","1202","48","289"
"Liberty County, Texas","32033","27417","4616","21411","8653","12758","5264","48","291"
"Limestone County, Texas","10766","8292","2474","6138","2191","3947","1817","48","293"
"Lipscomb County, Texas","1468","1158","310","855","287","568","242","48","295"
"Live Oak County, Texas","6273","3854","2419","3156","871","2285","605","48","297"
"Llano County, Texas","15519","9031","6488","7009","3058","3951","1854","48","299"
"Lubbock County, Texas","129032","116535","12497","64803","35839","28964","49567","48","303"
"McCulloch County, Texas","4335","3151","1184","2200","857","1343","791","48","307"
"McLennan County, Texas","102300","91422","10878","54151","28619","25532","34982","48","309"
"Madison County, Texas","5324","4205","1119","3196","1070","2126","797","48","313"
"Marion County, Texas","6452","4535","1917","3535","1077","2458","875","48","315"
"Mason County, Texas","2755","1668","1087","1253","503","750","218","48","319"
"Matagorda County, Texas","19714","13900","5814","9798","2515","7283","3630","48","321"
"Medina County, Texas","18703","15978","2725","12780","5946","6834","2782","48","325"
"Menard County, Texas","1826","1035","791","636","150","486","256","48","327"
"Milam County, Texas","11484","9468","2016","6972","2739","4233","1966","48","331"
"Mills County, Texas","2913","1752","1161","1545","513","1032","175","48","333"
"Montague County, Texas","10285","7969","2316","6101","2508","3593","1546","48","337"
"Montgomery County, Texas","223599","205719","17880","147027","91780","55247","55684","48","339"
"Morris County, Texas","6046","5170","876","3789","1496","2293","1144","48","343"
"Motley County, Texas","781","496","285","352","77","275","107","48","345"
"Navarro County, Texas","21182","17509","3673","12191","5559","6632","4698","48","349"
"Newton County, Texas","7402","5124","2278","4228","1311","2917","435","48","351"
"Nueces County, Texas","150133","130482","19651","76550","40011","36539","51875","48","355"
"Ochiltree County, Texas","4152","3391","761","2483","782","1701","752","48","357"
"Orange County, Texas","37883","31570","6313","23449","10769","12680","7088","48","361"
"Palo Pinto County, Texas","15522","10334","5188","7703","3131","4572","2381","48","363"
"Parker County, Texas","50780","45848","4932","36917","21781","15136","8196","48","367"
"Parmer County, Texas","3793","3213","580","2104","831","1273","925","48","369"
"Polk County, Texas","26135","17945","8190","13850","5146","8704","3655","48","373"
"Potter County, Texas","50174","43957","6217","24037","12111","11926","18989","48","375"
"Rains County, Texas","5416","4321","1095","3386","1688","1698","727","48","379"
"Randall County, Texas","55057","50092","4965","34873","20629","14244","14460","48","381"
"Real County, Texas","2671","1254","1417","901","164","737","235","48","385"
"Red River County, Texas","6956","5143","1813","4014","1339","2675","872","48","387"
"Refugio County, Texas","3725","2566","1159","1869","589","1280","540","48","391"
"Roberts County, Texas","445","329","116","272","73","199","34","48","393"
"Rockwall County, Texas","35670","34457","1213","28734","20550","8184","5463","48","397"
"Runnels County, Texas","5245","3891","1354","2838","1009","1829","901","48","399"
"Sabine County, Texas","8372","4524","3848","3907","1138","2769","520","48","403"
"San Augustine County, Texas","5471","3712","1759","2711","762","1949","709","48","405"
"San Patricio County, Texas","28652","23422","5230","15887","7480","8407","6713","48","409"
"San Saba County, Texas","3198","2134","1064","1512","522","990","391","48","411"
"Scurry County, Texas","7205","6115","1090","4799","1871","2928","1118","48","415"
"Shackelford County, Texas","1775","1367","408","1090","330","760","218","48","417"
"Sherman County, Texas","1397","1070","327","780","336","444","225","48","421"
"Smith County, Texas","91122","77809","13313","52300","27762","24538","23505","48","423"
"Lavaca County, Texas","10495","7904","2591","5973","2096","3877","1457","48","285"
"Somervell County, Texas","3851","3145","706","2635","1263","1372","479","48","425"
"Starr County, Texas","19865","16281","3584","12177","2435","9742","3280","48","427"
"Stephens County, Texas","4956","3408","1548","2527","941","1586","644","48","429"
"Sterling County, Texas","574","405","169","354","100","254","38","48","431"
"Stonewall County, Texas","837","529","308","424","86","338","50","48","433"
"Sutton County, Texas","1936","1282","654","873","320","553","261","48","435"
"Swisher County, Texas","3181","2599","582","1881","660","1221","509","48","437"
"Tarrant County, Texas","780381","722446","57935","435543","284478","151065","279132","48","439"
"Taylor County, Texas","57761","50396","7365","29409","15256","14153","19594","48","441"
"Terrell County, Texas","746","419","327","404","72","332","6","48","443"
"Terry County, Texas","4864","4101","763","2593","928","1665","1231","48","445"
"Throckmorton County, Texas","1059","713","346","523","103","420","127","48","447"
"Jasper County, South Carolina","12234","10724","1510","7885","4209","3676","2648","45","053"
"Lee County, South Carolina","7785","6455","1330","4983","1798","3185","1177","45","061"
"Marion County, South Carolina","15051","11282","3769","7174","2723","4451","2762","45","067"
"Oconee County, South Carolina","40774","32440","8334","23758","11333","12425","7598","45","073"
"Richland County, South Carolina","175052","155478","19574","92936","64078","28858","60278","45","079"
"Sumter County, South Carolina","48383","41704","6679","26918","14361","12557","12796","45","085"
"Aurora County, South Dakota","1307","1124","183","917","375","542","171","46","003"
"Bon Homme County, South Dakota","2969","2556","413","1853","653","1200","554","46","009"
"Brule County, South Dakota","2572","2228","344","1350","585","765","704","46","015"
"Hanson County, South Dakota","1210","1039","171","912","383","529","113","46","061"
"Hutchinson County, South Dakota","3399","2977","422","2318","964","1354","549","46","067"
"Jerauld County, South Dakota","1148","940","208","718","310","408","119","46","073"
"Lawrence County, South Dakota","14206","11250","2956","7236","3488","3748","3682","46","081"
"McCook County, South Dakota","2539","2206","333","1694","907","787","397","46","087"
"Meade County, South Dakota","12224","11142","1082","8255","4643","3612","2695","46","093"
"Minnehaha County, South Dakota","83607","78453","5154","49221","32954","16267","28655","46","099"
"Pennington County, South Dakota","49218","43947","5271","30295","17148","13147","13101","46","103"
"Sanborn County, South Dakota","1198","987","211","724","300","424","199","46","111"
"Sully County, South Dakota","851","591","260","516","214","302","53","46","119"
"Turner County, South Dakota","4043","3530","513","2818","1524","1294","547","46","125"
"Yankton County, South Dakota","10237","9558","679","6637","3797","2840","2746","46","135"
"Bedford County, Tennessee","19345","17490","1855","12426","7564","4862","4758","47","003"
"Blount County, Tennessee","58320","51274","7046","39279","22487","16792","10902","47","009"
"Cannon County, Tennessee","6165","5579","586","4285","2090","2195","1083","47","015"
"Cheatham County, Tennessee","16459","15317","1142","11863","7460","4403","3057","47","021"
"Clay County, Tennessee","4367","3176","1191","2473","767","1706","453","47","027"
"Crockett County, Tennessee","6427","5653","774","3965","1770","2195","1397","47","033"
"Decatur County, Tennessee","6929","4637","2292","3695","1457","2238","658","47","039"
"Jackson County, Tennessee","5919","4525","1394","3641","1190","2451","672","47","087"
"Knox County, Tennessee","207611","189536","18075","123272","76894","46378","62635","47","093"
"Lawrence County, Tennessee","18256","16140","2116","12133","6013","6120","3190","47","099"
"Loudon County, Tennessee","23393","20967","2426","16625","9001","7624","3756","47","105"
"Macon County, Tennessee","10473","9143","1330","6707","3467","3240","2210","47","111"
"Marshall County, Tennessee","13775","12436","1339","9085","4834","4251","3058","47","117"
"Monroe County, Tennessee","21326","18639","2687","13800","6389","7411","4222","47","123"
"Morgan County, Tennessee","9055","7524","1531","6201","2800","3401","1014","47","129"
"Perry County, Tennessee","4681","2929","1752","2325","757","1568","481","47","135"
"Putnam County, Tennessee","34876","31777","3099","19681","11092","8589","11461","47","141"
"Robertson County, Tennessee","27674","26122","1552","19844","12885","6959","5752","47","147"
"Sevier County, Tennessee","58161","37993","20168","27005","14987","12018","9969","47","155"
"Stewart County, Tennessee","6882","5226","1656","3953","1714","2239","1033","47","161"
"Tipton County, Tennessee","23937","21624","2313","15926","10247","5679","5246","47","167"
"Union County, Tennessee","9487","7463","2024","5621","2621","3000","1384","47","173"
"Washington County, Tennessee","60778","54603","6175","35004","20180","14824","17948","47","179"
"White County, Tennessee","12004","10219","1785","7918","3665","4253","1868","47","185"
"Beaver County, Utah","3034","2213","821","1805","1225","580","393","49","001"
"Carbon County, Utah","9844","7802","2042","5637","3152","2485","1967","49","007"
"Duchesne County, Utah","10395","7038","3357","5210","3040","2170","1472","49","013"
"Addison County, Vermont","17577","14700","2877","11067","6940","4127","3272","50","001"
"Chittenden County, Vermont","70460","66478","3982","41815","28781","13034","24080","50","007"
"Grand Isle County, Vermont","5322","2976","2346","2557","1569","988","385","50","013"
"Orleans County, Vermont","17726","11678","6048","9109","5214","3895","2237","50","019"
"Windham County, Vermont","30778","19162","11616","12974","7713","5261","5710","50","025"
"Albemarle County, Virginia","46235","42381","3854","27625","17121","10504","13660","51","003"
"Amherst County, Virginia","14237","12161","2076","9408","5379","4029","2299","51","009"
"Augusta County, Virginia","32733","30165","2568","23938","14628","9310","5663","51","015"
"Bland County, Virginia","3341","2326","1015","1919","653","1266","321","51","021"
"Buchanan County, Virginia","11558","8270","3288","6602","1571","5031","1391","51","027"
"Warren County, Illinois","7683","6789","894","5120","2732","2388","1484","17","187"
"Wayne County, Illinois","8003","7114","889","5459","2375","3084","1427","17","191"
"Whiteside County, Illinois","25831","23225","2606","17264","10005","7259","5547","17","195"
"Will County, Illinois","245246","232395","12851","189122","135579","53543","40913","17","197"
"Winnebago County, Illinois","125703","115768","9935","75877","47098","28779","38138","17","201"
"Woodford County, Illinois","15625","14652","973","11807","6931","4876","2558","17","203"
"Adams County, Iowa","2011","1627","384","1315","596","719","262","19","003"
"Allamakee County, Iowa","7816","5947","1869","4764","2303","2461","1006","19","005"
"Audubon County, Iowa","2988","2691","297","2019","875","1144","601","19","009"
"Black Hawk County, Iowa","58187","53321","4866","34990","21786","13204","17760","19","013"
"Boone County, Iowa","12017","10801","1216","8444","5126","3318","2226","19","015"
"Buchanan County, Iowa","9113","8027","1086","6422","3451","2971","1397","19","019"
"Butler County, Iowa","6804","6153","651","4756","2636","2120","1194","19","023"
"Calhoun County, Iowa","5108","4103","1005","3229","1333","1896","795","19","025"
"Cass County, Iowa","6583","5901","682","4289","2119","2170","1494","19","029"
"Cedar County, Iowa","8244","7472","772","6008","3649","2359","1270","19","031"
"Cherokee County, Iowa","5734","5297","437","3906","1854","2052","1291","19","035"
"Chickasaw County, Iowa","5702","5107","595","4191","2120","2071","802","19","037"
"Clay County, Iowa","8292","7381","911","4983","2773","2210","2216","19","041"
"Clinton County, Iowa","22114","19477","2637","14441","8435","6006","4726","19","045"
"Crawford County, Iowa","7068","6388","680","4433","2114","2319","1782","19","047"
"Davis County, Iowa","3602","3182","420","2693","1541","1152","425","19","051"
"Decatur County, Iowa","3853","3242","611","2095","991","1104","994","19","053"
"Des Moines County, Iowa","18613","16850","1763","11739","6496","5243","4695","19","057"
"Dickinson County, Iowa","14048","8479","5569","6602","3836","2766","1607","19","059"
"Dubuque County, Iowa","41518","38655","2863","28382","17802","10580","9837","19","061"
"Emmet County, Iowa","4811","4023","788","3172","1650","1522","739","19","063"
"Fayette County, Iowa","9606","8215","1391","6094","3211","2883","1865","19","065"
"Floyd County, Iowa","7571","6899","672","5051","2856","2195","1702","19","067"
"Franklin County, Iowa","4846","4195","651","2956","1415","1541","1162","19","069"
"Fremont County, Iowa","3444","2952","492","2264","1156","1108","607","19","071"
"Greene County, Iowa","4546","4037","509","2942","1669","1273","933","19","073"
"Grundy County, Iowa","5587","5164","423","4236","2395","1841","776","19","075"
"Guthrie County, Iowa","5827","4478","1349","3639","1949","1690","731","19","077"
"Hamilton County, Iowa","7199","6122","1077","4569","2670","1899","1371","19","079"
"Hancock County, Iowa","5342","4787","555","3806","2038","1768","846","19","081"
"Hardin County, Iowa","8193","7185","1008","5322","2671","2651","1668","19","083"
"Harrison County, Iowa","6837","6094","743","4495","2587","1908","1405","19","085"
"Henry County, Iowa","8415","7591","824","5536","3067","2469","1783","19","087"
"Howard County, Iowa","4376","3754","622","2898","1598","1300","724","19","089"
"Humboldt County, Iowa","4741","4195","546","3140","1431","1709","872","19","091"
"Ida County, Iowa","3450","2972","478","2248","1106","1142","572","19","093"
"Iowa County, Iowa","7358","6646","712","5342","3193","2149","1208","19","095"
"Jackson County, Iowa","9599","8183","1416","6619","3430","3189","1371","19","097"
"Jefferson County, Iowa","7673","6855","818","4771","2381","2390","1746","19","101"
"Johnson County, Iowa","64901","60430","4471","35412","23224","12188","24298","19","103"
"Keokuk County, Iowa","4880","4330","550","3389","1772","1617","818","19","107"
"Lee County, Iowa","16235","14338","1897","10612","5670","4942","3578","19","111"
"Linn County, Iowa","98022","91304","6718","67843","45300","22543","22653","19","113"
"Lucas County, Iowa","4199","3718","481","2843","1425","1418","755","19","117"
"Lyon County, Iowa","5071","4593","478","3922","2327","1595","566","19","119"
"Mahaska County, Iowa","9893","8947","946","6087","3476","2611","2426","19","123"
"Marshall County, Iowa","16842","15388","1454","11062","6600","4462","3937","19","127"
"Mills County, Iowa","6118","5442","676","4300","2738","1562","1080","19","129"
"Monona County, Iowa","4723","3988","735","2941","1367","1574","813","19","133"
"Monroe County, Iowa","4018","3243","775","2543","1092","1451","586","19","135"
"Muscatine County, Iowa","18199","16543","1656","12304","6972","5332","4030","19","139"
"Osceola County, Iowa","2960","2664","296","2052","879","1173","547","19","143"
"Page County, Iowa","7190","6414","776","4507","2270","2237","1766","19","145"
"Plymouth County, Iowa","10908","10298","610","7899","4433","3466","2116","19","149"
"Pocahontas County, Iowa","3657","3127","530","2386","1012","1374","593","19","151"
"Boone County, Indiana","27574","25822","1752","20293","15286","5007","5367","18","011"
"Brown County, Indiana","8736","6372","2364","5439","3369","2070","875","18","013"
"Cass County, Indiana","16362","14950","1412","10978","6493","4485","3491","18","017"
"Clark County, Indiana","51138","45024","6114","32683","22041","10642","11539","18","019"
"Clinton County, Indiana","13376","12144","1232","8511","5223","3288","3464","18","023"
"Crawford County, Indiana","5568","4117","1451","3384","1546","1838","617","18","025"
"Dearborn County, Indiana","20596","19279","1317","15684","10743","4941","3276","18","029"
"Decatur County, Indiana","11436","10241","1195","7211","4641","2570","2814","18","031"
"Delaware County, Indiana","52677","46632","6045","30058","17837","12221","15407","18","035"
"Dubois County, Indiana","17936","16691","1245","13124","7593","5531","3342","18","037"
"Fayette County, Indiana","10818","9686","1132","6686","4252","2434","2840","18","041"
"Floyd County, Indiana","33011","29264","3747","21752","14343","7409","7096","18","043"
"Fountain County, Indiana","7937","6982","955","5178","2851","2327","1571","18","045"
"Franklin County, Indiana","9802","8867","935","7224","4100","3124","1464","18","047"
"Fulton County, Indiana","9743","7840","1903","5978","3517","2461","1683","18","049"
"Gibson County, Indiana","15337","13551","1786","10223","6001","4222","3087","18","051"
"Grant County, Indiana","30489","26896","3593","18713","10991","7722","7660","18","053"
"Greene County, Indiana","15290","12988","2302","10187","5260","4927","2420","18","055"
"Hamilton County, Indiana","129573","123066","6507","94391","71722","22669","27755","18","057"
"Hancock County, Indiana","30640","29627","1013","23731","17083","6648","5648","18","059"
"Harrison County, Indiana","17173","14534","2639","12082","7588","4494","1946","18","061"
"Hendricks County, Indiana","62846","60307","2539","47287","35316","11971","12503","18","063"
"Henry County, Indiana","21233","18387","2846","13686","8063","5623","4383","18","065"
"Howard County, Indiana","39662","34632","5030","24980","15867","9113","8948","18","067"
"Huntington County, Indiana","16110","14790","1320","11161","7221","3940","3291","18","069"
"Jackson County, Indiana","19276","16923","2353","12001","7471","4530","4633","18","071"
"Jasper County, Indiana","13639","12676","963","9853","6158","3695","2562","18","073"
"Jay County, Indiana","9253","8293","960","6238","3397","2841","1647","18","075"
"Jefferson County, Indiana","14529","12833","1696","8889","5166","3723","3560","18","077"
"Jennings County, Indiana","12382","10776","1606","8357","5207","3150","2097","18","079"
"Johnson County, Indiana","61690","57872","3818","42131","30833","11298","15064","18","081"
"Knox County, Indiana","17155","15186","1969","9549","5513","4036","5156","18","083"
"LaGrange County, Indiana","14923","12547","2376","10596","7014","3582","1479","18","087"
"Lake County, Indiana","213679","188646","25033","132172","85673","46499","52648","18","089"
"Lawrence County, Indiana","21191","18968","2223","15110","8948","6162","3342","18","093"
"Madison County, Indiana","59173","51276","7897","35418","21757","13661","14992","18","095"
"Marshall County, Indiana","20333","17430","2903","13061","8176","4885","4055","18","099"
"Martin County, Indiana","4808","4095","713","3226","1636","1590","768","18","101"
"Monroe County, Indiana","62073","56399","5674","31146","19873","11273","24407","18","105"
"Montgomery County, Indiana","16709","15618","1091","11632","7756","3876","3710","18","107"
"Newton County, Indiana","6101","5599","502","4511","2824","1687","893","18","111"
"Noble County, Indiana","20659","18133","2526","13852","8539","5313","3909","18","113"
"Orange County, Indiana","9243","7988","1255","6011","3247","2764","1674","18","117"
"Owen County, Indiana","10234","8830","1404","6853","3945","2908","1624","18","119"
"Perry County, Indiana","8737","7713","1024","5777","3592","2185","1759","18","123"
"Pike County, Indiana","5787","5294","493","4460","2479","1981","700","18","125"
"Posey County, Indiana","11552","10361","1191","8343","5359","2984","1805","18","129"
"Pulaski County, Indiana","6119","5113","1006","3779","1992","1787","1120","18","131"
"Randolph County, Indiana","11711","10358","1353","8135","4432","3703","2014","18","135"
"Ripley County, Indiana","12430","11243","1187","8546","5401","3145","2288","18","137"
"St. Joseph County, Indiana","117050","104380","12670","70887","43967","26920","31772","18","141"
"Shelby County, Indiana","19395","17902","1493","13100","8595","4505","4449","18","145"
"Spencer County, Indiana","9126","8321","805","6625","3835","2790","1482","18","147"
"Steuben County, Indiana","20147","14449","5698","11377","6989","4388","2658","18","151"
"Sullivan County, Indiana","8982","7806","1176","5909","3635","2274","1613","18","153"
"Tippecanoe County, Indiana","77128","71686","5442","39564","26811","12753","31208","18","157"
"Tipton County, Indiana","7021","6360","661","5202","3148","2054","974","18","159"
"Vanderburgh County, Indiana","84478","76094","8384","49328","31247","18081","25808","18","163"
"Vermillion County, Indiana","7512","6557","955","4939","2663","2276","1422","18","165"
"Wabash County, Indiana","14162","12705","1457","9653","5757","3896","2792","18","169"
"Titus County, Texas","12487","11064","1423","7525","3318","4207","3269","48","449"
"Tom Green County, Texas","48785","42953","5832","28175","14040","14135","13930","48","451"
"Travis County, Texas","530125","491531","38594","260455","176939","83516","227034","48","453"
"Trinity County, Texas","9079","6105","2974","4658","1455","3203","1229","48","455"
"Tyler County, Texas","10922","7109","3813","5895","1902","3993","980","48","457"
"Upshur County, Texas","17074","14392","2682","11087","4963","6124","2620","48","459"
"Upton County, Texas","1648","1344","304","1034","249","785","226","48","461"
"Uvalde County, Texas","11194","8921","2273","6185","2144","4041","2401","48","463"
"Van Zandt County, Texas","23528","20494","3034","16185","6922","9263","3694","48","467"
"Victoria County, Texas","37264","32520","4744","21872","10539","11333","9732","48","469"
"Waller County, Texas","17292","15586","1706","10798","5527","5271","4675","48","473"
"Ward County, Texas","4835","4100","735","3058","1031","2027","898","48","475"
"Webb County, Texas","84553","76382","8171","48093","24876","23217","26064","48","479"
"Wharton County, Texas","17727","15248","2479","10116","4204","5912","4618","48","481"
"Wichita County, Texas","56064","48538","7526","29577","14806","14771","17742","48","485"
"Wilbarger County, Texas","6242","5008","1234","2973","1356","1617","1856","48","487"
"Williamson County, Texas","199061","188113","10948","128240","91845","36395","58741","48","491"
"Wilson County, Texas","17676","15975","1701","13943","7597","6346","1617","48","493"
"Wise County, Texas","24957","22254","2703","17720","9268","8452","3760","48","497"
"Wood County, Texas","21384","16716","4668","13609","5433","8176","2499","48","499"
"Young County, Texas","8730","7491","1239","5547","2081","3466","1626","48","503"
"Zapata County, Texas","6468","4689","1779","3287","1016","2271","1125","48","505"
"Covington County, Alabama","19073","14995","4078","11137","5006","6131","3205","01","039"
"Dale County, Alabama","23151","19405","3746","11380","5764","5616","7395","01","045"
"Elmore County, Alabama","34332","29794","4538","22400","13879","8521","6640","01","051"
"Fayette County, Alabama","8493","6805","1688","5119","1846","3273","1406","01","057"
"Geneva County, Alabama","12901","10572","2329","7955","3795","4160","1952","01","061"
"Henry County, Alabama","9203","6556","2647","5471","2618","2853","947","01","067"
"Jefferson County, Alabama","308825","263801","45024","166849","103441","63408","91095","01","073"
"Lawrence County, Alabama","15333","12551","2782","9842","4269","5573","2208","01","079"
"Limestone County, Alabama","36278","32725","3553","25128","15545","9583","6635","01","083"
"Madison County, Alabama","164100","151628","12472","102658","68115","34543","46293","01","089"
"Marshall County, Alabama","40661","35115","5546","25598","13856","11742","8392","01","095"
"Montgomery County, Alabama","105063","89511","15552","51588","33772","17816","36025","01","101"
"Perry County, Alabama","4759","3140","1619","2458","578","1880","394","01","105"
"Randolph County, Alabama","12147","8655","3492","6856","2642","4214","1402","01","111"
"Shelby County, Alabama","88090","80756","7334","64906","44543","20363","14790","01","117"
"Talladega County, Alabama","38021","31741","6280","22692","11341","11351","7467","01","121"
"Walker County, Alabama","31238","25440","5798","19824","8761","11063","4645","01","127"
"Winston County, Alabama","13700","9612","4088","7720","2911","4809","1265","01","133"
"Amador County, California","18246","14844","3402","11396","7295","4101","3165","06","005"
"Calaveras County, California","28096","16958","11138","13492","8137","5355","3293","06","009"
"Del Norte County, California","11349","9805","1544","6706","3279","3427","2898","06","015"
"Glenn County, California","11210","10216","994","5970","3317","2653","3776","06","021"
"Inyo County, California","9514","7954","1560","5170","2228","2942","2426","06","027"
"Lake County, California","34477","25508","8969","17276","9468","7808","7769","06","033"
"Los Angeles County, California","3559790","3332504","227286","1534472","1081570","452902","1751439","06","037"
"Santa Barbara County, California","159317","148309","11008","77504","50364","27140","68260","06","083"
"Shasta County, California","78488","70845","7643","46238","28268","17970","23779","06","089"
"Caroline County, Virginia","12322","10978","1344","8823","6104","2719","1895","51","033"
"Chesterfield County, Virginia","132606","127230","5376","97590","72485","25105","28599","51","041"
"Culpeper County, Virginia","18959","17474","1485","12829","9056","3773","4249","51","047"
"Dinwiddie County, Virginia","11800","10403","1397","8033","5211","2822","2143","51","053"
"Fauquier County, Virginia","27084","24617","2467","18939","14016","4923","5041","51","061"
"Franklin County, Virginia","29991","22730","7261","18549","9850","8699","3500","51","067"
"Gloucester County, Virginia","16713","14792","1921","11830","7868","3962","2777","51","073"
"Greene County, Virginia","8384","7491","893","6061","4026","2035","1219","51","079"
"Hanover County, Virginia","41879","39226","2653","32519","22219","10300","6424","51","085"
"Highland County, Virginia","1859","987","872","862","343","519","75","51","091"
"Pittsylvania County, Virginia","31623","26205","5418","19866","9741","10125","5571","51","143"
"Prince William County, Virginia","150283","144159","6124","105332","86050","19282","37640","51","153"
"Richmond County, Virginia","3967","2939","1028","1886","1078","808","943","51","159"
"Rockingham County, Virginia","35783","31306","4477","23289","12871","10418","7065","51","165"
"Shenandoah County, Virginia","21263","17541","3722","12219","7341","4878","5072","51","171"
"Spotsylvania County, Virginia","48522","45463","3059","35937","27677","8260","9052","51","177"
"Sussex County, Virginia","4801","3792","1009","2769","1378","1391","873","51","183"
"Washington County, Virginia","25999","22104","3895","16820","8144","8676","4629","51","191"
"Wythe County, Virginia","14402","12393","2009","9539","4292","5247","2091","51","197"
"Bristol city, Virginia","8714","7482","1232","4600","2672","1928","2725","51","520"
"Chesapeake city, Virginia","91707","86524","5183","62590","47728","14862","23208","51","550"
"Emporia city, Virginia","2569","2076","493","852","483","369","1197","51","595"
"Franklin city, Virginia","3843","3516","327","1957","1166","791","1518","51","620"
"Hampton city, Virginia","60145","54847","5298","31233","21599","9634","22934","51","650"
"Lexington city, Virginia","2405","2066","339","1130","626","504","898","51","678"
"Manassas Park city, Virginia","4874","4596","278","2790","2387","403","1793","51","685"
"Norfolk city, Virginia","98142","89398","8744","38853","28414","10439","49600","51","710"
"Poquoson city, Virginia","4817","4632","185","3792","2588","1204","732","51","735"
"Richmond city, Virginia","100930","91005","9925","39801","28194","11607","50196","51","760"
"Jefferson County, Washington","18794","15051","3743","11674","5758","5916","3104","53","031"
"Klickitat County, Washington","10626","9268","1358","6550","3131","3419","2147","53","039"
"Mason County, Washington","33784","25242","8542","19512","12466","7046","4908","53","045"
"Pend Oreille County, Washington","8323","5798","2525","4492","2258","2234","1045","53","051"
"Skagit County, Washington","54317","49263","5054","34465","21848","12617","14019","53","057"
"Spokane County, Washington","219964","206502","13462","130298","86544","43754","74206","53","063"
"Wahkiakum County, Washington","2223","1900","323","1691","715","976","201","53","069"
"Whitman County, Washington","21078","18485","2593","8171","4662","3509","9962","53","075"
"Berkeley County, West Virginia","49466","45702","3764","33975","24149","9826","10444","54","003"
"Brooke County, West Virginia","10778","9792","986","7104","2954","4150","2267","54","009"
"Doddridge County, West Virginia","3915","2623","1292","2387","879","1508","132","54","017"
"Grant County, West Virginia","6725","4842","1883","3915","1806","2109","738","54","023"
"Hancock County, West Virginia","14328","12676","1652","9262","4186","5076","3003","54","029"
"Jackson County, West Virginia","13397","11427","1970","8798","3859","4939","2149","54","035"
"Lewis County, West Virginia","7976","6472","1504","4786","2100","2686","1354","54","041"
"McDowell County, West Virginia","11182","7431","3751","5797","872","4925","1092","54","047"
"Mason County, West Virginia","13079","10593","2486","8749","3329","5420","1151","54","053"
"Mingo County, West Virginia","12879","10174","2705","7272","1862","5410","2260","54","059"
"Morgan County, West Virginia","10004","7485","2519","6303","3883","2420","952","54","065"
"Adams County, Wisconsin","17809","9111","8698","7530","3944","3586","1399","55","001"
"Bayfield County, Wisconsin","13375","7110","6265","5796","3004","2792","1109","55","007"
"Burnett County, Wisconsin","15680","7242","8438","5992","3173","2819","1068","55","013"
"Clark County, Wisconsin","15215","12914","2301","10130","5676","4454","2366","55","019"
"Dane County, Wisconsin","236202","226600","9602","133695","93427","40268","91316","55","025"
"Douglas County, Wisconsin","23263","18994","4269","13014","7600","5414","5611","55","031"
"Florence County, Wisconsin","4854","2038","2816","1783","862","921","219","55","037"
"Grant County, Wisconsin","22197","19655","2542","13621","7327","6294","5596","55","043"
"Iowa County, Wisconsin","10944","9811","1133","7263","4560","2703","2295","55","049"
"Jefferson County, Wisconsin","36010","33349","2661","23751","15108","8643","9149","55","055"
"Pottawattamie County, Iowa","40032","36875","3157","25369","15532","9837","10816","19","155"
"Ringgold County, Iowa","2610","1843","767","1380","663","717","380","19","159"
"Sac County, Iowa","5398","4344","1054","3442","1416","2026","812","19","161"
"Shelby County, Iowa","5567","5066","501","3794","1975","1819","1079","19","165"
"Sioux County, Iowa","13030","12379","651","10000","5712","4288","2140","19","167"
"Tama County, Iowa","7788","6736","1052","5125","2911","2214","1162","19","171"
"Union County, Iowa","5937","5199","738","3759","2008","1751","1350","19","175"
"Van Buren County, Iowa","3645","2969","676","2399","1009","1390","474","19","177"
"Warren County, Iowa","20340","19320","1020","15526","10736","4790","3566","19","181"
"Washington County, Iowa","9777","8876","901","6100","3545","2555","2550","19","183"
"Webster County, Iowa","17056","15605","1451","10662","5537","5125","4630","19","187"
"Winneshiek County, Iowa","9008","8265","743","6444","3705","2739","1647","19","191"
"Woodbury County, Iowa","42455","39523","2932","26638","15456","11182","12259","19","193"
"Wright County, Iowa","6499","5582","917","4082","1833","2249","1287","19","197"
"Allegany County, Maryland","32823","27369","5454","18900","10717","8183","7540","24","001"
"Baltimore County, Maryland","337580","315347","22233","208376","144262","64114","103778","24","005"
"Caroline County, Maryland","13645","12160","1485","8639","5706","2933","3087","24","011"
"Carroll County, Maryland","63767","61261","2506","50285","36572","13713","10122","24","013"
"Charles County, Maryland","61226","57388","3838","44157","35312","8845","12526","24","017"
"Dorchester County, Maryland","16754","13433","3321","9068","5271","3797","3999","24","019"
"Garrett County, Maryland","19428","12745","6683","10107","5874","4233","2142","24","023"
"Harford County, Maryland","100952","95094","5858","75117","53466","21651","18849","24","025"
"Kent County, Maryland","10687","8274","2413","5728","3451","2277","2171","24","029"
"Prince George's County, Maryland","334407","315634","18773","196113","157898","38215","116986","24","033"
"Queen Anne's County, Maryland","21363","19000","2363","15231","11375","3856","3422","24","035"
"Somerset County, Maryland","11476","8509","2967","5607","3234","2373","2667","24","039"
"Talbot County, Maryland","20252","16810","3442","11969","7181","4788","4284","24","041"
"Washington County, Maryland","61621","56367","5254","37540","24649","12891","17671","24","043"
"Wicomico County, Maryland","42452","38142","4310","22403","14745","7658","14988","24","045"
"Worcester County, Maryland","56485","22661","33824","17155","9976","7179","4976","24","047"
"Baltimore city, Maryland","293936","242499","51437","115747","79461","36286","123271","24","510"
"Alcona County, Michigan","11210","5115","6095","4510","2112","2398","451","26","001"
"Alger County, Michigan","6694","3246","3448","2611","1198","1413","553","26","003"
"Allegan County, Michigan","51551","43927","7624","37091","22260","14831","6082","26","005"
"Alpena County, Michigan","16057","12769","3288","10015","5160","4855","2611","26","007"
"Antrim County, Michigan","18121","10166","7955","8910","4915","3995","1093","26","009"
"Arenac County, Michigan","9873","6585","3288","5587","2743","2844","889","26","011"
"Baraga County, Michigan","5314","3188","2126","2506","1203","1303","590","26","013"
"Barry County, Michigan","27785","24342","3443","20440","12572","7868","3451","26","015"
"Bay County, Michigan","48340","44627","3713","33948","17427","16521","10088","26","017"
"Benzie County, Michigan","12573","6940","5633","6310","3723","2587","489","26","019"
"Berrien County, Michigan","77645","63136","14509","44981","26461","18520","17293","26","021"
"Branch County, Michigan","20924","16716","4208","12675","7554","5121","3654","26","023"
"Calhoun County, Michigan","60889","54124","6765","37636","22443","15193","15804","26","025"
"Cass County, Michigan","26406","21226","5180","17252","10255","6997","3320","26","027"
"Charlevoix County, Michigan","17753","11725","6028","9579","5557","4022","1996","26","029"
"Chippewa County, Michigan","21486","14323","7163","10006","5659","4347","3811","26","033"
"Clare County, Michigan","23408","12247","11161","10235","5083","5152","1691","26","035"
"Crawford County, Michigan","11244","6155","5089","5016","2852","2164","951","26","039"
"Delta County, Michigan","20396","16154","4242","12538","6651","5887","3135","26","041"
"Eaton County, Michigan","47647","45037","2610","32687","21003","11684","11891","26","045"
"Genesee County, Michigan","192583","170581","22002","119384","68275","51109","48460","26","049"
"Gladwin County, Michigan","17962","11181","6781","9662","5032","4630","1307","26","051"
"Grand Traverse County, Michigan","44492","37939","6553","29020","18852","10168","8534","26","055"
"Gratiot County, Michigan","16331","15084","1247","11450","6548","4902","3349","26","057"
"Houghton County, Michigan","18854","13805","5049","9209","4498","4711","4299","26","061"
"Huron County, Michigan","21278","13908","7370","11200","4763","6437","2324","26","063"
"Ionia County, Michigan","25094","23071","2023","17619","10594","7025","5196","26","067"
"Iron County, Michigan","9341","5150","4191","4256","1819","2437","740","26","071"
"Warren County, Indiana","3760","3383","377","2763","1710","1053","485","18","171"
"Washington County, Indiana","12454","10820","1634","8699","5183","3516","1912","18","175"
"Wayne County, Indiana","31446","27435","4011","18320","11904","6416","8801","18","177"
"White County, Indiana","13153","9792","3361","7690","4903","2787","1887","18","181"
"Whitley County, Indiana","14911","13822","1089","11258","7438","3820","2289","18","183"
"Berkshire County, Massachusetts","69149","54786","14363","38359","23609","14750","15696","25","003"
"Bristol County, Massachusetts","236043","220365","15678","138424","91959","46465","78865","25","005"
"Essex County, Massachusetts","313956","297254","16702","189708","135177","54531","103544","25","009"
"Franklin County, Massachusetts","34164","30790","3374","21256","13380","7876","9011","25","011"
"Hampshire County, Massachusetts","64114","59607","4507","40466","25384","15082","18633","25","015"
"Middlesex County, Massachusetts","641278","611850","29428","380079","260943","119136","225087","25","017"
"Norfolk County, Massachusetts","280180","267967","12213","184436","127621","56815","80694","25","021"
"Plymouth County, Massachusetts","208056","190355","17701","146967","105537","41430","40799","25","023"
"Suffolk County, Massachusetts","341231","312978","28253","113736","80394","33342","195271","25","025"
"Worcester County, Massachusetts","336533","314081","22452","206343","144725","61618","103262","25","027"
"Adams County, Ohio","12940","10396","2544","7310","3968","3342","2276","39","001"
"Allen County, Ohio","45126","41025","4101","27373","15956","11417","12980","39","003"
"Ashland County, Ohio","22361","20504","1857","15427","9237","6190","4577","39","005"
"Ashtabula County, Ohio","46224","38614","7610","27593","14957","12636","10023","39","007"
"Athens County, Ohio","26686","22539","4147","13268","6475","6793","8552","39","009"
"Auglaize County, Ohio","20020","19000","1020","14413","8540","5873","4244","39","011"
"Belmont County, Ohio","32202","25772","6430","19612","9149","10463","5039","39","013"
"Brown County, Ohio","20338","17811","2527","13007","7982","5025","3957","39","015"
"Butler County, Ohio","152589","140736","11853","97280","66376","30904","41447","39","017"
"Carroll County, Ohio","13627","11286","2341","8873","4875","3998","1928","39","019"
"Champaign County, Ohio","16824","15407","1417","11268","6515","4753","3941","39","021"
"Clark County, Ohio","61283","54862","6421","36833","22412","14421","17190","39","023"
"Clermont County, Ohio","83638","79347","4291","58573","39778","18795","19617","39","025"
"Clinton County, Ohio","18205","16741","1464","11212","6777","4435","5092","39","027"
"Columbiana County, Ohio","46800","41632","5168","30567","15992","14575","9617","39","029"
"Coshocton County, Ohio","16441","14579","1862","10849","5534","5315","3299","39","031"
"Crawford County, Ohio","20019","17928","2091","12545","6815","5730","4941","39","033"
"Cuyahoga County, Ohio","617795","547887","69908","317564","190959","126605","220474","39","035"
"Defiance County, Ohio","16805","15385","1420","11926","7120","4806","3173","39","039"
"Delaware County, Ohio","74732","71521","3211","57685","43794","13891","13274","39","041"
"Fairfield County, Ohio","61567","57071","4496","42915","29341","13574","13718","39","045"
"Fayette County, Ohio","12809","11737","1072","7588","4600","2988","3759","39","047"
"Fulton County, Ohio","17584","16582","1002","13354","8137","5217","2898","39","051"
"Gallia County, Ohio","13903","11359","2544","8517","3966","4551","2517","39","053"
"Greene County, Ohio","70796","65915","4881","43494","27769","15725","21578","39","057"
"Guernsey County, Ohio","19341","16244","3097","11606","6563","5043","4017","39","059"
"Hancock County, Ohio","34401","32022","2379","21903","13625","8278","9677","39","063"
"Hardin County, Ohio","13224","11777","1447","8643","4939","3704","2819","39","065"
"Henry County, Ohio","12130","11069","1061","8540","4996","3544","2306","39","069"
"Hocking County, Ohio","13437","11533","1904","8950","5367","3583","2312","39","073"
"Holmes County, Ohio","13593","12351","1242","9612","5421","4191","2139","39","075"
"Jackson County, Ohio","14914","12971","1943","9437","4587","4850","2961","39","079"
"Jefferson County, Ohio","32448","27541","4907","19153","9446","9707","7440","39","081"
"Lake County, Ohio","103212","96534","6678","71327","44893","26434","24193","39","085"
"Lawrence County, Ohio","27538","23208","4330","16767","7875","8892","5578","39","087"
"Logan County, Ohio","23450","18604","4846","14135","9156","4979","4057","39","091"
"Lorain County, Ohio","131984","121669","10315","88160","55601","32559","31845","39","093"
"Madison County, Ohio","16143","15017","1126","11051","7308","3743","3754","39","097"
"Marion County, Ohio","27878","24617","3261","16598","9950","6648","7344","39","101"
"Medina County, Ohio","72938","69739","3199","55479","37925","17554","13442","39","103"
"Mercer County, Ohio","18136","16078","2058","12747","6604","6143","2989","39","107"
"Miami County, Ohio","44394","41260","3134","29748","20026","9722","11028","39","109"
"Montgomery County, Ohio","254931","227077","27854","139416","86990","52426","84192","39","113"
"Morgan County, Ohio","8015","6076","1939","4640","1729","2911","1263","39","115"
"Muskingum County, Ohio","37950","33797","4153","23575","14113","9462","9675","39","119"
"Siskiyou County, California","24177","19195","4982","12659","6178","6481","6048","06","093"
"Stanislaus County, California","182239","174826","7413","102675","69085","33590","68425","06","099"
"Trinity County, California","8895","5896","2999","4041","1817","2224","1702","06","105"
"Ventura County, California","289425","271639","17786","172037","122724","49313","95379","06","111"
"Arkansas County, Arkansas","9495","7416","2079","4885","2211","2674","2019","05","001"
"Benton County, Arkansas","108836","99661","9175","65702","43844","21858","32374","05","007"
"Bradley County, Arkansas","5818","4233","1585","2671","1116","1555","1324","05","011"
"Chicot County, Arkansas","5429","4052","1377","2702","867","1835","1102","05","017"
"Cleburne County, Arkansas","16143","10882","5261","8504","3762","4742","1974","05","023"
"Conway County, Arkansas","9862","8491","1371","5966","2915","3051","1962","05","029"
"Crawford County, Arkansas","26953","24065","2888","18205","9912","8293","5514","05","033"
"Dallas County, Arkansas","4346","2992","1354","2112","735","1377","791","05","039"
"Faulkner County, Arkansas","50209","45091","5118","28115","18304","9811","16180","05","045"
"Garland County, Arkansas","50974","40906","10068","27468","14729","12739","11930","05","051"
"Greene County, Arkansas","19185","17587","1598","11771","6718","5053","5410","05","055"
"Howard County, Arkansas","6255","5271","984","3553","1408","2145","1404","05","061"
"Jackson County, Arkansas","7606","6241","1365","4371","1802","2569","1704","05","067"
"Lafayette County, Arkansas","4394","2898","1496","2265","763","1502","417","05","073"
"Lee County, Arkansas","4362","3202","1160","1858","613","1245","902","05","077"
"Logan County, Arkansas","10173","8359","1814","6283","3126","3157","1658","05","083"
"Marion County, Arkansas","9546","6918","2628","5500","2295","3205","1150","05","089"
"Mississippi County, Arkansas","20572","16623","3949","9581","4818","4763","6441","05","093"
"Van Buren County, Arkansas","10519","7220","3299","5589","2362","3227","1360","05","141"
"Woodruff County, Arkansas","3878","3002","876","2035","859","1176","876","05","147"
"Fairfield County, Connecticut","374329","345070","29259","230123","158763","71360","110782","09","001"
"Middlesex County, Connecticut","76449","67765","8684","49826","33166","16660","16944","09","007"
"Tolland County, Connecticut","59997","56077","3920","40181","26768","13413","15354","09","013"
"Aleutians East Borough, Alaska","1199","988","211","607","197","410","224","02","013"
"Bethel Census Area, Alaska","6029","4499","1530","2510","764","1746","1507","02","050"
"Copper River Census Area, Alaska","2902","1063","1839","807","328","479","225","02","066"
"Fairbanks North Star Borough, Alaska","44270","36199","8071","21315","13714","7601","14154","02","090"
"Juneau City and Borough, Alaska","13792","12878","914","8319","5396","2923","4414","02","110"
"Kodiak Island Borough, Alaska","5450","4231","1219","2102","1413","689","1666","02","150"
"Lake and Peninsula Borough, Alaska","1431","366","1065","236","52","184","78","02","164"
"North Slope Borough, Alaska","2581","1991","590","932","316","616","832","02","185"
"Prince of Wales-Hyder Census Area, Alaska","3450","2353","1097","1731","514","1217","529","02","198"
"Southeast Fairbanks Census Area, Alaska","3911","2287","1624","1669","675","994","430","02","240"
"Adams County, Colorado","173439","167290","6149","112065","83323","28742","53883","08","001"
"Arapahoe County, Colorado","252835","241889","10946","155364","116123","39241","84859","08","005"
"Bent County, Colorado","2262","1879","383","1133","388","745","618","08","011"
"Chaffee County, Colorado","10916","8650","2266","6154","3528","2626","2270","08","015"
"Clear Creek County, Colorado","5745","4378","1367","3432","2228","1204","929","08","019"
"Crowley County, Colorado","1602","1421","181","1042","488","554","234","08","025"
"Denver County, Colorado","306269","287756","18513","145172","107363","37809","140028","08","031"
"Mineral County, Colorado","1370","394","976","288","161","127","94","08","079"
"Montrose County, Colorado","19455","17483","1972","12914","7035","5879","4240","08","085"
"Otero County, Colorado","8930","7761","1169","5190","2577","2613","2350","08","089"
"Phillips County, Colorado","2060","1737","323","1255","750","505","429","08","095"
"Pueblo County, Colorado","71284","65206","6078","42440","26609","15831","21851","08","101"
"Routt County, Colorado","16977","10100","6877","7533","4920","2613","2386","08","107"
"San Juan County, Colorado","751","297","454","165","70","95","132","08","111"
"Summit County, Colorado","31158","11609","19549","7986","5819","2167","3454","08","117"
"Weld County, Colorado","106044","102046","3998","76049","55963","20086","24372","08","123"
"Kent County, Delaware","73073","67299","5774","46326","30306","16020","19780","10","001"
"Beaverhead County, Montana","5361","4203","1158","2686","1252","1434","1315","30","001"
"Broadwater County, Montana","2740","2436","304","2053","1015","1038","287","30","007"
"Cascade County, Montana","39012","34440","4572","22928","13472","9456","10906","30","013"
"Custer County, Montana","5697","4837","860","3250","1664","1586","1424","30","017"
"Kewaunee County, Wisconsin","9442","8249","1193","6660","4108","2552","1411","55","061"
"Langlade County, Wisconsin","12614","8539","4075","6695","3678","3017","1561","55","067"
"Marathon County, Wisconsin","59633","55998","3635","39804","24002","15802","15399","55","073"
"Menominee County, Wisconsin","2372","1400","972","936","343","593","419","55","078"
"Oneida County, Wisconsin","31240","15677","15563","12979","7289","5690","2467","55","085"
"Pepin County, Wisconsin","3691","3127","564","2499","1390","1109","537","55","091"
"Portage County, Wisconsin","31147","28912","2235","19921","12186","7735","8585","55","097"
"Richland County, Wisconsin","8998","7580","1418","5722","3030","2692","1527","55","103"
"St. Croix County, Wisconsin","36326","34683","1643","26767","19831","6936","7606","55","109"
"Hot Springs County, Wyoming","2641","2187","454","1555","712","843","467","56","017"
"Natrona County, Wyoming","37160","32896","4264","23220","14395","8825","9110","56","025"
"Platte County, Wyoming","4869","3846","1023","2916","1364","1552","753","56","031"
"Sweetwater County, Wyoming","19842","15726","4116","11852","6317","5535","3707","56","037"
"Washakie County, Wyoming","3861","3437","424","2510","1421","1089","784","56","043"
"Aguada Municipio, Puerto Rico","17674","13005","4669","9958","1920","8038","1280","72","003"
"Aibonito Municipio, Puerto Rico","10004","8795","1209","6845","1986","4859","1326","72","009"
"Arroyo Municipio, Puerto Rico","8274","6070","2204","4755","1510","3245","1165","72","015"
"Bayamón Municipio, Puerto Rico","82746","67487","15259","45896","22919","22977","14838","72","021"
"Canóvanas Municipio, Puerto Rico","17556","14705","2851","10635","4247","6388","1940","72","029"
"Cayey Municipio, Puerto Rico","19846","16233","3613","10213","4256","5957","2812","72","035"
"Cidra Municipio, Puerto Rico","15893","13054","2839","8424","2933","5491","1937","72","041"
"Corozal Municipio, Puerto Rico","12921","10765","2156","7809","2344","5465","982","72","047"
"Fajardo Municipio, Puerto Rico","18438","12412","6026","8180","3749","4431","2634","72","053"
"Guayanilla Municipio, Puerto Rico","8262","6539","1723","4737","867","3870","718","72","059"
"Hatillo Municipio, Puerto Rico","17169","13914","3255","10318","3443","6875","1991","72","065"
"Isabela Municipio, Puerto Rico","20357","15159","5198","9355","3003","6352","2872","72","071"
"Juncos Municipio, Puerto Rico","15777","13025","2752","9287","4595","4692","2164","72","077"
"Salinas Municipio, Puerto Rico","13229","9973","3256","7865","2210","5655","1287","72","123"
"San Sebastián Municipio, Puerto Rico","18225","13740","4485","9297","2529","6768","2165","72","131"
"Toa Baja Municipio, Puerto Rico","34916","27915","7001","20513","8711","11802","4519","72","137"
"Vega Alta Municipio, Puerto Rico","16003","12124","3879","8241","2996","5245","2030","72","143"
"Yabucoa Municipio, Puerto Rico","14648","11687","2961","8387","2108","6279","1542","72","151"
"Andrews County, Texas","6347","5649","698","4220","1881","2339","1107","48","003"
"Archer County, Texas","4176","3513","663","2941","1204","1737","481","48","009"
"Austin County, Texas","13335","11569","1766","9075","4266","4809","2273","48","015"
"Bastrop County, Texas","30435","26173","4262","20557","11652","8905","4928","48","021"
"Bell County, Texas","142110","125747","16363","67893","43859","24034","56013","48","027"
"Borden County, Texas","371","223","148","155","36","119","14","48","033"
"Bowie County, Texas","40011","34283","5728","21929","10075","11854","11198","48","037"
"Brewster County, Texas","5550","4292","1258","2507","920","1587","1471","48","043"
"Brown County, Texas","19112","14614","4498","10449","4357","6092","3696","48","049"
"Caldwell County, Texas","15269","13774","1495","9474","4708","4766","3926","48","055"
"Cameron County, Texas","152544","126968","25576","84054","34318","49736","39706","48","061"
"Cass County, Texas","14676","11962","2714","9534","3141","6393","2099","48","067"
"Cherokee County, Texas","21345","18540","2805","13345","5705","7640","4041","48","073"
"Cochran County, Texas","1351","1026","325","738","194","544","198","48","079"
"Collin County, Texas","376186","353491","22695","229049","162386","66663","121880","48","085"
"Eastland County, Texas","10413","7017","3396","5388","1621","3767","1220","48","133"
"Ellis County, Texas","63684","59399","4285","44454","28303","16151","14077","48","139"
"Falls County, Texas","7779","5552","2227","4197","1644","2553","1023","48","145"
"Fisher County, Texas","2236","1676","560","1263","301","962","327","48","151"
"Fort Bend County, Texas","260936","248299","12637","192555","128779","63776","51307","48","157"
"Frio County, Texas","5991","4673","1318","3123","938","2185","990","48","163"
"Galveston County, Texas","148527","125204","23323","84565","49285","35280","39099","48","167"
"Glasscock County, Texas","526","435","91","285","38","247","42","48","173"
"Gray County, Texas","9995","7843","2152","5684","2134","3550","1769","48","179"
"Grimes County, Texas","11399","9206","2193","6999","2495","4504","1720","48","185"
"Hall County, Texas","1916","1252","664","858","103","755","277","48","191"
"Hardeman County, Texas","2411","1672","739","1159","415","744","427","48","197"
"Isabella County, Michigan","29236","24981","4255","15676","8758","6918","8887","26","073"
"Kalamazoo County, Michigan","112585","104278","8307","67255","42105","25150","35957","26","077"
"Kalkaska County, Michigan","12425","7173","5252","6096","3487","2609","973","26","079"
"Keweenaw County, Michigan","2473","1079","1394","956","449","507","109","26","083"
"Lake County, Michigan","15445","4985","10460","4161","1942","2219","676","26","085"
"Leelanau County, Michigan","15738","9201","6537","8178","4560","3618","942","26","089"
"Livingston County, Michigan","77020","72905","4115","62039","43120","18919","10136","26","093"
"Luce County, Michigan","4377","2258","2119","1814","905","909","386","26","095"
"Macomb County, Michigan","367684","349340","18344","258973","164802","94171","87233","26","099"
"Manistee County, Michigan","15866","9701","6165","8209","4270","3939","1336","26","101"
"Mason County, Michigan","17614","12296","5318","9339","5067","4272","2740","26","105"
"Mecosta County, Michigan","21741","16276","5465","12121","6639","5482","3696","26","107"
"Midland County, Michigan","37065","34253","2812","26466","14936","11530","7505","26","111"
"Monroe County, Michigan","64760","60804","3956","49014","30449","18565","11104","26","115"
"Montcalm County, Michigan","28675","24143","4532","19248","11055","8193","4400","26","117"
"Muskegon County, Michigan","74335","66064","8271","50362","29840","20522","14726","26","121"
"Newaygo County, Michigan","25615","19365","6250","16345","8795","7550","2497","26","123"
"Oceana County, Michigan","16198","10208","5990","8519","4390","4129","1450","26","127"
"Ogemaw County, Michigan","16224","9314","6910","7595","3907","3688","1506","26","129"
"Osceola County, Michigan","13818","9332","4486","7681","3966","3715","1403","26","133"
"Oscoda County, Michigan","9238","3732","5506","3204","1649","1555","437","26","135"
"Ottawa County, Michigan","110548","104586","5962","81969","52755","29214","21549","26","139"
"Roscommon County, Michigan","24582","11420","13162","9165","4455","4710","2023","26","143"
"Saginaw County, Michigan","87789","78980","8809","56509","29410","27099","21361","26","145"
"St. Joseph County, Michigan","27983","24319","3664","18025","10810","7215","5821","26","149"
"Sanilac County, Michigan","23093","17920","5173","14053","7364","6689","3108","26","151"
"Shiawassee County, Michigan","30246","27762","2484","21358","12571","8787","6055","26","155"
"Tuscola County, Michigan","24476","21719","2757","18184","9323","8861","3042","26","157"
"Washtenaw County, Michigan","151753","143040","8713","87938","57419","30519","53712","26","161"
"Wayne County, Michigan","814954","694858","120096","434235","226397","207838","246625","26","163"
"Wexford County, Michigan","17041","13212","3829","10382","5937","4445","2645","26","165"
"Adams County, Mississippi","14719","11129","3590","6907","2537","4370","3245","28","001"
"Alcorn County, Mississippi","17272","14610","2662","9760","4496","5264","4308","28","003"
"Amite County, Mississippi","6827","5416","1411","4463","1063","3400","525","28","005"
"Attala County, Mississippi","9278","6890","2388","5054","1777","3277","1485","28","007"
"Benton County, Mississippi","4277","3183","1094","2575","1095","1480","495","28","009"
"Bolivar County, Mississippi","14377","12114","2263","6784","2794","3990","4767","28","011"
"Calhoun County, Mississippi","7015","5771","1244","4230","1437","2793","1289","28","013"
"Carroll County, Mississippi","5192","4018","1174","3376","1482","1894","562","28","015"
"Chickasaw County, Mississippi","7587","6523","1064","4614","1872","2742","1581","28","017"
"Choctaw County, Mississippi","4215","3353","862","2715","1100","1615","391","28","019"
"Claiborne County, Mississippi","4344","2900","1444","2030","638","1392","553","28","021"
"Clarke County, Mississippi","8017","6253","1764","5322","1806","3516","737","28","023"
"Clay County, Mississippi","9333","7728","1605","5415","2177","3238","2014","28","025"
"Coahoma County, Mississippi","10699","8614","2085","4760","1677","3083","3494","28","027"
"Copiah County, Mississippi","12363","9568","2795","7554","2888","4666","1592","28","029"
"Covington County, Mississippi","8709","7042","1667","5297","2126","3171","1090","28","031"
"DeSoto County, Mississippi","68411","64424","3987","48168","33110","15058","15484","28","033"
"Forrest County, Mississippi","33091","28116","4975","16285","8471","7814","10970","28","035"
"Franklin County, Mississippi","4288","3031","1257","2255","717","1538","525","28","037"
"Greene County, Mississippi","5225","3825","1400","3292","1286","2006","395","28","041"
"Grenada County, Mississippi","10243","8476","1767","5744","2988","2756","2427","28","043"
"Harrison County, Mississippi","93678","80097","13581","46194","26480","19714","32019","28","047"
"Hinds County, Mississippi","104356","88832","15524","51403","29669","21734","34916","28","049"
"Humphreys County, Mississippi","3816","3197","619","2056","779","1277","862","28","053"
"Issaquena County, Mississippi","553","462","91","227","27","200","164","28","055"
"Jackson County, Mississippi","62451","53878","8573","38586","20722","17864","13795","28","059"
"Jasper County, Mississippi","8423","6616","1807","5532","1566","3966","718","28","061"
"Noble County, Ohio","6196","4969","1227","4052","1380","2672","744","39","121"
"Paulding County, Ohio","8764","7692","1072","6179","3285","2894","1371","39","125"
"Perry County, Ohio","15361","13216","2145","10013","5877","4136","2995","39","127"
"Pike County, Ohio","12940","11037","1903","7378","3571","3807","3283","39","131"
"Preble County, Ohio","17929","16417","1512","12817","7296","5521","3185","39","135"
"Putnam County, Ohio","13954","13301","653","10950","6453","4497","2158","39","137"
"Ross County, Ohio","32060","29080","2980","20670","10802","9868","7643","39","141"
"Sandusky County, Ohio","26347","23825","2522","17046","9994","7052","6419","39","143"
"Seneca County, Ohio","24157","21759","2398","15940","8837","7103","5407","39","147"
"Shelby County, Ohio","20497","18670","1827","13181","7664","5517","5248","39","149"
"Summit County, Ohio","246163","226721","19442","150587","97316","53271","73040","39","153"
"Trumbull County, Ohio","95671","85917","9754","60450","31496","28954","23597","39","155"
"Union County, Ohio","21778","20695","1083","16576","12659","3917","3988","39","159"
"Van Wert County, Ohio","12724","11640","1084","9042","4953","4089","2331","39","161"
"Warren County, Ohio","88418","84127","4291","65284","47161","18123","17805","39","165"
"Washington County, Ohio","28247","24803","3444","18289","8622","9667","6032","39","167"
"Wayne County, Ohio","46773","44238","2535","32907","18861","14046","10457","39","169"
"Williams County, Ohio","16652","15266","1386","11569","6607","4962","3501","39","171"
"Wood County, Ohio","54034","50645","3389","33061","21259","11802","16877","39","173"
"Wyandot County, Ohio","9963","9100","863","6492","3597","2895","2404","39","175"
"Adair County, Oklahoma","9396","7632","1764","5252","1953","3299","1875","40","001"
"Alfalfa County, Oklahoma","2728","1897","831","1493","561","932","302","40","003"
"Atoka County, Oklahoma","6386","5200","1186","3902","1469","2433","1007","40","005"
"Beaver County, Oklahoma","2687","1994","693","1572","532","1040","261","40","007"
"Beckham County, Oklahoma","10057","7724","2333","5184","2406","2778","1993","40","009"
"Blaine County, Oklahoma","5204","3940","1264","2866","985","1881","750","40","011"
"Bryan County, Oklahoma","20443","17634","2809","11051","4877","6174","5880","40","013"
"Caddo County, Oklahoma","13267","10465","2802","7669","2859","4810","2145","40","015"
"Canadian County, Oklahoma","49012","45724","3288","34909","22347","12562","10060","40","017"
"Carter County, Oklahoma","21799","18474","3325","12395","5693","6702","5432","40","019"
"Cherokee County, Oklahoma","22279","17364","4915","11683","5481","6202","5095","40","021"
"Choctaw County, Oklahoma","7610","6074","1536","4121","1618","2503","1455","40","023"
"Cimarron County, Oklahoma","1579","952","627","698","177","521","127","40","025"
"Cleveland County, Oklahoma","116009","108070","7939","69236","44672","24564","37463","40","027"
"Coal County, Oklahoma","2820","2252","568","1732","641","1091","384","40","029"
"Comanche County, Oklahoma","51665","43241","8424","23075","13928","9147","19290","40","031"
"Craig County, Oklahoma","6742","5428","1314","3799","1686","2113","1297","40","035"
"Creek County, Oklahoma","30570","26393","4177","19779","10165","9614","5818","40","037"
"Delaware County, Oklahoma","25556","16988","8568","12848","5831","7017","3353","40","041"
"Dewey County, Oklahoma","2458","1715","743","1268","480","788","316","40","043"
"Garfield County, Oklahoma","26776","23709","3067","15501","7036","8465","7339","40","047"
"Garvin County, Oklahoma","12872","10375","2497","7032","3033","3999","2832","40","049"
"Grant County, Oklahoma","2473","1761","712","1351","420","931","339","40","053"
"Greer County, Oklahoma","2697","2109","588","1492","521","971","502","40","055"
"Harper County, Oklahoma","1885","1236","649","994","373","621","132","40","059"
"Haskell County, Oklahoma","6185","4935","1250","3780","1544","2236","878","40","061"
"Jackson County, Oklahoma","12136","9681","2455","5930","3303","2627","3328","40","065"
"Jefferson County, Oklahoma","3401","2382","1019","1794","686","1108","458","40","067"
"Kay County, Oklahoma","21455","17392","4063","11508","4733","6775","5352","40","071"
"Kingfisher County, Oklahoma","6557","5769","788","4576","1903","2673","915","40","073"
"Latimer County, Oklahoma","5047","4083","964","2894","1061","1833","897","40","077"
"Le Flore County, Oklahoma","22149","18309","3840","13129","6066","7063","4272","40","079"
"Logan County, Oklahoma","17535","15668","1867","13249","7833","5416","1938","40","083"
"Love County, Oklahoma","4596","3340","1256","2528","1097","1431","662","40","085"
"McCurtain County, Oklahoma","15760","12651","3109","8952","3047","5905","2971","40","089"
"McIntosh County, Oklahoma","13837","8216","5621","6401","2333","4068","1453","40","091"
"Marshall County, Oklahoma","10332","6384","3948","4885","1909","2976","1188","40","095"
"Mayes County, Oklahoma","19556","16071","3485","12026","5504","6522","3461","40","097"
"Muskogee County, Oklahoma","30968","26535","4433","17298","8753","8545","8430","40","101"
"Noble County, Oklahoma","5346","4501","845","3519","1832","1687","801","40","103"
"Deer Lodge County, Montana","5218","4069","1149","2728","1334","1394","1272","30","023"
"Flathead County, Montana","49145","39925","9220","29460","17657","11803","9654","30","029"
"Glacier County, Montana","5397","4158","1239","2566","791","1775","1514","30","035"
"Granite County, Montana","2832","1355","1477","1070","435","635","209","30","039"
"Judith Basin County, Montana","1370","915","455","703","179","524","113","30","045"
"Liberty County, Montana","1153","925","228","497","180","317","242","30","051"
"Madison County, Montana","7001","3707","3294","2853","1345","1508","571","30","057"
"Missoula County, Montana","54731","49700","5031","29113","17917","11196","19814","30","063"
"Park County, Montana","9657","7961","1696","5465","3153","2312","2213","30","067"
"Pondera County, Montana","2685","2079","606","1495","645","850","425","30","073"
"Baldwin County, Georgia","20638","16698","3940","9920","5066","4854","6322","13","009"
"Bartow County, Georgia","41684","37905","3779","25704","16461","9243","11613","13","015"
"Berrien County, Georgia","8811","7391","1420","4862","1964","2898","2212","13","019"
"Brantley County, Georgia","8180","6763","1417","5326","2021","3305","1205","13","025"
"Bulloch County, Georgia","31496","27967","3529","15193","8411","6782","11868","13","031"
"Calhoun County, Georgia","2398","1726","672","1174","467","707","421","13","037"
"Candler County, Georgia","4784","4042","742","2329","882","1447","1458","13","043"
"Charlton County, Georgia","4536","3826","710","2725","1239","1486","904","13","049"
"Chattooga County, Georgia","10986","9106","1880","6262","2149","4113","2673","13","055"
"Clay County, Georgia","2160","1313","847","999","280","719","220","13","061"
"Clinch County, Georgia","3008","2387","621","1880","748","1132","452","13","065"
"Colquitt County, Georgia","18700","15865","2835","9884","4053","5831","5001","13","071"
"Coweta County, Georgia","55601","53104","2497","39875","28377","11498","12482","13","077"
"Dade County, Georgia","7316","6155","1161","4370","1693","2677","1463","13","083"
"Decatur County, Georgia","12218","9684","2534","5932","3060","2872","3263","13","087"
"Dooly County, Georgia","6226","4979","1247","3530","1236","2294","1288","13","093"
"Early County, Georgia","4979","4196","783","2831","1193","1638","1155","13","099"
"Effingham County, Georgia","23462","21828","1634","16880","11588","5292","4502","13","103"
"Evans County, Georgia","4751","4006","745","2397","1040","1357","1444","13","109"
"Floyd County, Georgia","40713","36192","4521","22616","12319","10297","12756","13","115"
"Franklin County, Georgia","10738","8425","2313","5902","2709","3193","2035","13","119"
"Glascock County, Georgia","1533","1118","415","820","336","484","251","13","125"
"Grady County, Georgia","10901","9116","1785","6002","3021","2981","2847","13","131"
"Habersham County, Georgia","18578","15258","3320","12171","6050","6121","2789","13","137"
"Hancock County, Georgia","5418","3072","2346","2254","1029","1225","714","13","141"
"Lowndes County, Georgia","48525","42755","5770","22454","13693","8761","19183","13","185"
"McDuffie County, Georgia","9371","8238","1133","5603","3004","2599","2475","13","189"
"Madison County, Georgia","12032","10622","1410","7789","3749","4040","2084","13","195"
"Miller County, Georgia","2759","2339","420","1556","615","941","629","13","201"
"Monroe County, Georgia","11192","10177","1015","8333","4842","3491","1623","13","207"
"Murray County, Georgia","16189","14520","1669","10218","5053","5165","4014","13","213"
"Oconee County, Georgia","14578","13773","805","11374","7434","3940","2190","13","219"
"Peach County, Georgia","11843","10215","1628","6456","3088","3368","3570","13","225"
"Pierce County, Georgia","8238","7178","1060","5453","2210","3243","1312","13","229"
"Pulaski County, Georgia","4730","3803","927","2442","936","1506","1280","13","235"
"Rabun County, Georgia","12673","7022","5651","5186","2256","2930","1537","13","241"
"Richmond County, Georgia","89055","72526","16529","37427","21481","15946","33774","13","245"
"Screven County, Georgia","6798","4939","1859","3480","1365","2115","1061","13","251"
"Stephens County, Georgia","12621","9977","2644","7274","3410","3864","2656","13","257"
"Talbot County, Georgia","3439","2891","548","2269","1033","1236","465","13","263"
"Tattnall County, Georgia","10043","8345","1698","5607","2394","3213","2028","13","267"
"Terrell County, Georgia","4163","3355","808","1878","851","1027","1097","13","273"
"Toombs County, Georgia","12232","9792","2440","6135","2864","3271","3199","13","279"
"Troup County, Georgia","28676","24982","3694","14978","8918","6060","9262","13","285"
"Twiggs County, Georgia","4268","3080","1188","2654","956","1698","287","13","289"
"Walker County, Georgia","30458","26306","4152","19193","9791","9402","6363","13","295"
"Warren County, Georgia","2987","2261","726","1502","548","954","690","13","301"
"Wayne County, Georgia","12313","10479","1834","6586","3230","3356","3370","13","305"
"White County, Georgia","16341","11727","4614","8933","4644","4289","2550","13","311"
"Wilkes County, Georgia","5166","4115","1051","2635","1057","1578","1170","13","317"
"Harrison County, Texas","28827","23841","4986","17460","7838","9622","5660","48","203"
"Hays County, Texas","81696","76724","4972","47715","32753","14962","28026","48","209"
"Hidalgo County, Texas","281380","243878","37502","165793","69727","96066","70275","48","215"
"Hood County, Texas","26651","23215","3436","18462","9892","8570","4390","48","221"
"Howard County, Texas","13200","11354","1846","7536","3174","4362","3480","48","227"
"Hutchinson County, Texas","10652","7074","3578","5658","2354","3304","1280","48","233"
"Jackson County, Texas","6737","4924","1813","3469","1278","2191","1255","48","239"
"Jefferson County, Texas","108947","94012","14935","57859","25185","32674","33852","48","245"
"Johnson County, Texas","62881","58270","4611","42693","24935","17758","14421","48","251"
"Loving County, Texas","87","62","25","11","0","11","2","48","301"
"Lynn County, Texas","2661","2199","462","1521","636","885","507","48","305"
"McMullen County, Texas","462","229","233","194","61","133","26","48","311"
"Martin County, Texas","1976","1722","254","1202","447","755","314","48","317"
"Maverick County, Texas","18511","16647","1864","11048","5110","5938","5026","48","323"
"Midland County, Texas","62327","57917","4410","38643","20505","18138","18229","48","329"
"Mitchell County, Texas","4077","2419","1658","1964","642","1322","426","48","335"
"Moore County, Texas","8119","6659","1460","4383","2099","2284","2172","48","341"
"Nacogdoches County, Texas","28465","23765","4700","13713","5791","7922","9367","48","347"
"Nolan County, Texas","7075","5516","1559","3748","1170","2578","1515","48","353"
"Oldham County, Texas","794","646","148","472","194","278","55","48","359"
"Panola County, Texas","11338","8662","2676","6688","2676","4012","1594","48","365"
"Pecos County, Texas","5784","4868","916","3614","1526","2088","1062","48","371"
"Presidio County, Texas","4065","2580","1485","1392","162","1230","1075","48","377"
"Reagan County, Texas","1331","1117","214","735","191","544","322","48","383"
"Reeves County, Texas","4652","3772","880","3002","511","2491","609","48","389"
"Robertson County, Texas","8947","6749","2198","4960","1723","3237","1601","48","395"
"Rusk County, Texas","21723","18056","3667","14298","6050","8248","3129","48","401"
"San Jacinto County, Texas","14274","10143","4131","8066","3019","5047","1659","48","407"
"Schleicher County, Texas","1505","1036","469","808","218","590","170","48","413"
"Shelby County, Texas","12358","9486","2872","7115","1943","5172","1887","48","419"
"Val Verde County, Texas","19232","16388","2844","10623","3864","6759","5347","48","465"
"Walker County, Texas","26600","22515","4085","11677","5588","6089","10147","48","471"
"Washington County, Texas","16342","13321","3021","9817","4079","5738","2947","48","477"
"Wheeler County, Texas","2715","2060","655","1449","346","1103","476","48","483"
"Willacy County, Texas","7391","5882","1509","3939","907","3032","1639","48","489"
"Winkler County, Texas","3066","2618","448","2119","426","1693","423","48","495"
"Yoakum County, Texas","3051","2601","450","2010","684","1326","366","48","501"
"Zavala County, Texas","4423","3674","749","2710","307","2403","841","48","507"
"Jefferson Davis County, Mississippi","5985","4615","1370","3708","1564","2144","603","28","065"
"Jones County, Mississippi","29190","24855","4335","18244","7612","10632","5598","28","067"
"Lafayette County, Mississippi","26091","18585","7506","11292","6177","5115","6960","28","071"
"Lauderdale County, Mississippi","35337","29718","5619","19077","9095","9982","9965","28","075"
"Lawrence County, Mississippi","6203","5019","1184","3714","1478","2236","1079","28","077"
"Lee County, Mississippi","36949","31866","5083","22316","13141","9175","8869","28","081"
"Leflore County, Mississippi","13092","9901","3191","5397","2351","3046","3739","28","083"
"Lowndes County, Mississippi","27411","22457","4954","13958","7681","6277","7414","28","087"
"Madison County, Mississippi","43828","40179","3649","29000","20203","8797","10623","28","089"
"Marshall County, Mississippi","15737","13311","2426","9884","4688","5196","2792","28","093"
"Monroe County, Mississippi","16588","13482","3106","10199","4506","5693","2841","28","095"
"Neshoba County, Mississippi","12578","10495","2083","7660","3035","4625","2232","28","099"
"Noxubee County, Mississippi","5294","4015","1279","2883","1383","1500","782","28","103"
"Oktibbeha County, Mississippi","22072","18849","3223","9373","4844","4529","9023","28","105"
"Pearl River County, Mississippi","25645","21321","4324","16817","8742","8075","3855","28","109"
"Perry County, Mississippi","5688","4597","1091","3720","1188","2532","629","28","111"
"Pontotoc County, Mississippi","12991","10823","2168","7928","4099","3829","2460","28","115"
"Prentiss County, Mississippi","11240","9255","1985","6844","2876","3968","2010","28","117"
"Rankin County, Mississippi","61134","56640","4494","44036","27785","16251","11620","28","121"
"Scott County, Mississippi","11760","10228","1532","7426","2907","4519","2206","28","123"
"Simpson County, Mississippi","12195","9647","2548","7727","2709","5018","1466","28","127"
"Stone County, Mississippi","7530","6304","1226","4825","2849","1976","1283","28","131"
"Sunflower County, Mississippi","9678","8345","1333","4450","2143","2307","3333","28","133"
"Tate County, Mississippi","11640","10553","1087","8129","4799","3330","2088","28","137"
"Tippah County, Mississippi","9916","7842","2074","5433","2363","3070","1917","28","139"
"Tunica County, Mississippi","4977","3964","1013","1545","717","828","2328","28","143"
"Union County, Mississippi","12017","9849","2168","7425","3334","4091","2111","28","145"
"Warren County, Mississippi","22086","18107","3979","11939","6524","5415","5240","28","149"
"Washington County, Mississippi","21619","17882","3737","9759","4287","5472","7235","28","151"
"Webster County, Mississippi","4867","3699","1168","2904","1450","1454","644","28","155"
"Wilkinson County, Mississippi","5199","3345","1854","2616","695","1921","453","28","157"
"Yalobusha County, Mississippi","6550","5111","1439","3583","1433","2150","1130","28","161"
"Yazoo County, Mississippi","10128","8577","1551","5086","1941","3145","2623","28","163"
"Catron County, New Mexico","3581","1546","2035","1352","206","1146","83","35","003"
"Chaves County, New Mexico","27385","23641","3744","16133","7193","8940","6408","35","005"
"Cibola County, New Mexico","11432","8408","3024","6018","2099","3919","1961","35","006"
"Colfax County, New Mexico","10308","5946","4362","4031","1734","2297","1536","35","007"
"Curry County, New Mexico","21410","18620","2790","10501","5909","4592","7714","35","009"
"De Baca County, New Mexico","1029","554","475","344","143","201","135","35","011"
"Doña Ana County, New Mexico","88937","79421","9516","51316","27391","23925","25610","35","013"
"Eddy County, New Mexico","24870","21548","3322","15088","7035","8053","5245","35","015"
"Grant County, New Mexico","15105","11496","3609","7630","3070","4560","3338","35","017"
"Guadalupe County, New Mexico","2618","1345","1273","910","212","698","272","35","019"
"Harding County, New Mexico","462","176","286","101","19","82","32","35","021"
"Hidalgo County, New Mexico","2467","1742","725","1217","438","779","420","35","023"
"Lea County, New Mexico","26871","22868","4003","15555","6543","9012","6495","35","025"
"Lincoln County, New Mexico","18262","8478","9784","6406","2702","3704","1558","35","027"
"Los Alamos County, New Mexico","8395","7895","500","5775","3566","2209","2096","35","028"
"Luna County, New Mexico","11318","8911","2407","5551","2481","3070","2901","35","029"
"McKinley County, New Mexico","26348","21247","5101","14453","3491","10962","5723","35","031"
"Mora County, New Mexico","3403","2278","1125","2013","451","1562","162","35","033"
"Otero County, New Mexico","31832","23112","8720","15237","7342","7895","7153","35","035"
"Quay County, New Mexico","5700","3182","2518","2206","611","1595","840","35","037"
"Rio Arriba County, New Mexico","20226","13035","7191","10001","3113","6888","2191","35","039"
"Sandoval County, New Mexico","57429","52504","4925","41981","27178","14803","8935","35","043"
"San Juan County, New Mexico","51299","43582","7717","30871","14763","16108","11150","35","045"
"Santa Fe County, New Mexico","73496","63152","10344","44947","24783","20164","16490","35","049"
"Socorro County, New Mexico","8255","5002","3253","3833","1037","2796","1073","35","053"
"Okfuskee County, Oklahoma","5327","4036","1291","2951","1286","1665","805","40","107"
"Okmulgee County, Oklahoma","17854","14644","3210","10328","4881","5447","3648","40","111"
"Osage County, Oklahoma","21921","18364","3557","14122","6563","7559","3671","40","113"
"Pawnee County, Oklahoma","7839","6260","1579","4837","1949","2888","1105","40","117"
"Payne County, Oklahoma","36599","31346","5253","16201","8835","7366","14535","40","119"
"Pontotoc County, Oklahoma","16861","14234","2627","9278","5015","4263","4578","40","123"
"Pottawatomie County, Oklahoma","29873","26066","3807","18540","9438","9102","6776","40","125"
"Roger Mills County, Oklahoma","1906","1377","529","1103","351","752","153","40","129"
"Rogers County, Oklahoma","38564","35208","3356","27385","17493","9892","7041","40","131"
"Sequoyah County, Oklahoma","19356","15437","3919","11143","5105","6038","3612","40","135"
"Stephens County, Oklahoma","20670","16607","4063","12360","5731","6629","3645","40","137"
"Tillman County, Oklahoma","3993","2794","1199","2069","676","1393","595","40","141"
"Tulsa County, Oklahoma","284341","253909","30432","151162","93995","57167","98010","40","143"
"Washington County, Oklahoma","23739","20376","3363","14516","7639","6877","5232","40","147"
"Washita County, Oklahoma","5412","4296","1116","3075","1389","1686","964","40","149"
"Woodward County, Oklahoma","9042","7608","1434","5338","2736","2602","1923","40","153"
"Baker County, Oregon","9062","7158","1904","5041","2469","2572","1809","41","001"
"Clackamas County, Oregon","168828","159330","9498","113015","78622","34393","44821","41","005"
"Clatsop County, Oregon","22609","16019","6590","9727","5940","3787","5868","41","007"
"Columbia County, Oregon","21421","19872","1549","15036","10185","4851","4403","41","009"
"Coos County, Oregon","31246","27819","3427","19009","10669","8340","7955","41","011"
"Crook County, Oregon","11026","9998","1028","7346","4700","2646","2363","41","013"
"Curry County, Oregon","13011","10790","2221","7919","4060","3859","2657","41","015"
"Deschutes County, Oregon","90802","77040","13762","52335","35433","16902","23729","41","017"
"Douglas County, Oregon","50649","46439","4210","32544","17768","14776","12723","41","019"
"Gilliam County, Oregon","1145","905","240","680","280","400","177","41","021"
"Grant County, Oregon","4426","3453","973","2603","1231","1372","663","41","023"
"Harney County, Oregon","3897","3176","721","2283","1266","1017","701","41","025"
"Hood River County, Oregon","10034","8892","1142","6086","3446","2640","2382","41","027"
"Jackson County, Oregon","96318","89690","6628","57643","34510","23133","30300","41","029"
"Jefferson County, Oregon","10194","8395","1799","5731","3744","1987","2409","41","031"
"Josephine County, Oregon","39362","36606","2756","25195","14905","10290","10878","41","033"
"Klamath County, Oregon","33703","28376","5327","18211","10427","7784","9664","41","035"
"Lake County, Oregon","4538","3533","1005","2196","1062","1134","1028","41","037"
"Lane County, Oregon","163617","154516","9101","91385","57602","33783","60550","41","039"
"Lincoln County, Oregon","31751","21841","9910","14688","7767","6921","6426","41","041"
"Linn County, Oregon","50936","48290","2646","32082","20969","11113","15508","41","043"
"Malheur County, Oregon","11936","10059","1877","5987","3159","2828","3457","41","045"
"Marion County, Oregon","127505","120474","7031","73190","48976","24214","46206","41","047"
"Multnomah County, Oregon","353735","334849","18886","182072","131931","50141","148800","41","051"
"Sherman County, Oregon","905","727","178","502","182","320","171","41","055"
"Tillamook County, Oregon","19157","11075","8082","7752","4235","3517","3038","41","057"
"Union County, Oregon","11863","10785","1078","7170","4025","3145","3360","41","061"
"Wallowa County, Oregon","4234","3195","1039","2312","1131","1181","713","41","063"
"Washington County, Oregon","232032","223040","8992","136707","100377","36330","84678","41","067"
"Wheeler County, Oregon","991","669","322","505","218","287","91","41","069"
"Bristol County, Rhode Island","21110","18961","2149","13312","8536","4776","5278","44","001"
"Kent County, Rhode Island","74526","70085","4441","49214","34082","15132","19911","44","003"
"Providence County, Rhode Island","266624","240886","25738","132794","91342","41452","104882","44","007"
"Washington County, Rhode Island","64361","50220","14141","37696","25451","12245","11571","44","009"
"Allegheny County, Pennsylvania","602416","545695","56721","350794","208605","142189","187020","42","003"
"Armstrong County, Pennsylvania","32852","28035","4817","21805","10412","11393","5227","42","005"
"Bedford County, Pennsylvania","24405","19930","4475","15824","7723","8101","3380","42","009"
"Berks County, Pennsylvania","167514","156389","11125","111089","71550","39539","43545","42","011"
"Bradford County, Pennsylvania","30691","25084","5607","18248","8848","9400","6151","42","015"
"Bucks County, Pennsylvania","251373","240763","10610","187963","128034","59929","50622","42","017"
"Cambria County, Pennsylvania","66072","56933","9139","42554","19463","23091","12712","42","021"
"Cameron County, Pennsylvania","4426","2334","2092","1567","644","923","713","42","023"
"Centre County, Pennsylvania","67062","59380","7682","37083","22347","14736","21568","42","027"
"Worth County, Georgia","9362","7982","1380","5552","2424","3128","2244","13","321"
"Clearwater County, Idaho","4635","3547","1088","2694","1326","1368","690","16","035"
"Elmore County, Idaho","12532","10885","1647","6635","3958","2677","3867","16","039"
"Gem County, Idaho","7438","6822","616","5149","3170","1979","1535","16","045"
"Jefferson County, Idaho","9586","8825","761","7162","4515","2647","1346","16","051"
"Kootenai County, Idaho","72799","64475","8324","45958","29596","16362","18030","16","055"
"Lewis County, Idaho","1955","1649","306","1230","610","620","373","16","061"
"Minidoka County, Idaho","8333","7456","877","5292","2999","2293","1904","16","067"
"Oneida County, Idaho","2006","1715","291","1406","850","556","241","16","071"
"Power County, Idaho","3031","2693","338","1780","925","855","649","16","077"
"Twin Falls County, Idaho","33785","31758","2027","22107","14504","7603","8783","16","083"
"Adams County, Illinois","30226","27199","3027","19474","10961","8513","7234","17","001"
"Bond County, Illinois","7276","6359","917","4662","2350","2312","1549","17","005"
"Bureau County, Illinois","15679","13801","1878","10393","5617","4776","3036","17","011"
"Cass County, Illinois","5816","5068","748","3820","1923","1897","1121","17","017"
"Christian County, Illinois","15592","13977","1615","10329","5483","4846","3167","17","021"
"Clinton County, Illinois","15909","14596","1313","11621","6468","5153","2837","17","027"
"Crawford County, Illinois","8680","7704","976","5914","3144","2770","1623","17","033"
"De Witt County, Illinois","7578","6732","846","5129","2969","2160","1451","17","039"
"DuPage County, Illinois","361221","344314","16907","251301","169845","81456","90166","17","043"
"Effingham County, Illinois","14936","13856","1080","10623","5477","5146","2926","17","049"
"Franklin County, Illinois","18643","16207","2436","12155","4937","7218","3523","17","055"
"Greene County, Illinois","6425","4984","1441","3865","1746","2119","856","17","061"
"Hamilton County, Illinois","4118","3366","752","2616","1000","1616","563","17","065"
"Henderson County, Illinois","3872","3028","844","2517","1220","1297","430","17","071"
"Jackson County, Illinois","28947","24208","4739","12202","6161","6041","11406","17","077"
"Marion County, Illinois","18272","16126","2146","12022","6165","5857","3634","17","121"
"Massac County, Illinois","7099","5619","1480","4330","2083","2247","1140","17","127"
"Monroe County, Illinois","14333","13576","757","11526","6880","4646","1981","17","133"
"Moultrie County, Illinois","6513","6043","470","4604","2239","2365","1321","17","139"
"Peoria County, Illinois","83680","73519","10161","47855","29244","18611","24556","17","143"
"Pike County, Illinois","7999","6258","1741","4968","2338","2630","1169","17","149"
"Putnam County, Illinois","3170","2435","735","1976","1074","902","395","17","155"
"Rock Island County, Illinois","66183","60607","5576","41169","23956","17213","18558","17","161"
"Saline County, Illinois","11700","10140","1560","7529","3273","4256","2234","17","165"
"Scott County, Illinois","2452","1973","479","1628","779","849","283","17","171"
"Stephenson County, Illinois","21895","19741","2154","13792","7417","6375","5534","17","177"
"Vermilion County, Illinois","36035","31013","5022","21964","10343","11621","8549","17","183"
"Washington County, Illinois","6653","6020","633","4747","2435","2312","990","17","189"
"White County, Illinois","7164","6040","1124","4825","2039","2786","1050","17","193"
"Williamson County, Illinois","31435","27937","3498","19712","10875","8837","7585","17","199"
"Adair County, Iowa","3709","3217","492","2250","1175","1075","826","19","001"
"Appanoose County, Iowa","6639","5196","1443","3762","1655","2107","1253","19","007"
"Benton County, Iowa","11187","10306","881","8433","5093","3340","1622","19","011"
"Bremer County, Iowa","10503","9680","823","8046","4825","3221","1491","19","017"
"Buena Vista County, Iowa","8292","7584","708","4893","2499","2394","2446","19","021"
"Carroll County, Iowa","9519","8651","868","6590","3391","3199","1937","19","027"
"Cerro Gordo County, Iowa","22364","19452","2912","13534","7526","6008","5651","19","033"
"Clarke County, Iowa","4325","3950","375","2736","1570","1166","1121","19","039"
"Clayton County, Iowa","9133","7563","1570","5550","2647","2903","1824","19","043"
"Dallas County, Iowa","37769","35383","2386","25550","18805","6745","9391","19","049"
"Delaware County, Iowa","8108","6915","1193","5735","3247","2488","1006","19","055"
"Jasper County, Iowa","16337","14644","1693","10950","6693","4257","3498","19","099"
"Jones County, Iowa","8990","8186","804","6433","3489","2944","1590","19","105"
"Kossuth County, Iowa","7526","6575","951","4889","2256","2633","1530","19","109"
"Louisa County, Iowa","5063","4343","720","3321","1743","1578","863","19","115"
"Madison County, Iowa","7093","6619","474","5254","3530","1724","1228","19","121"
"Marion County, Iowa","14280","13532","748","9976","6068","3908","3401","19","125"
"Mitchell County, Iowa","4987","4472","515","3584","1848","1736","715","19","131"
"Montgomery County, Iowa","5220","4479","741","3237","1573","1664","1086","19","137"
"Taos County, New Mexico","21053","12592","8461","9684","4023","5661","2542","35","055"
"Union County, New Mexico","2354","1404","950","879","301","578","339","35","059"
"Valencia County, New Mexico","31397","26456","4941","21336","10891","10445","4532","35","061"
"Barnes County, North Dakota","5982","5039","943","3556","1587","1969","1384","38","003"
"Benson County, North Dakota","3074","2265","809","1638","374","1264","422","38","005"
"Bottineau County, North Dakota","4461","2876","1585","2260","940","1320","571","38","009"
"Bowman County, North Dakota","1779","1323","456","1071","387","684","184","38","011"
"Burleigh County, North Dakota","43022","39805","3217","27802","16059","11743","11426","38","015"
"Cass County, North Dakota","83604","77027","6577","40437","27644","12793","36055","38","017"
"Dickey County, North Dakota","2641","2127","514","1602","738","864","382","38","021"
"Dunn County, North Dakota","2606","1700","906","1250","461","789","342","38","025"
"Eddy County, North Dakota","1283","1046","237","702","253","449","316","38","027"
"Foster County, North Dakota","1820","1483","337","1077","411","666","346","38","031"
"Golden Valley County, North Dakota","1039","814","225","618","223","395","175","38","033"
"Grant County, North Dakota","1715","1082","633","951","346","605","96","38","037"
"Griggs County, North Dakota","1486","1031","455","824","250","574","144","38","039"
"Kidder County, North Dakota","1743","1123","620","846","198","648","182","38","043"
"LaMoure County, North Dakota","2280","1869","411","1499","512","987","240","38","045"
"McHenry County, North Dakota","3163","2562","601","2144","920","1224","315","38","049"
"McIntosh County, North Dakota","1833","1292","541","922","235","687","313","38","051"
"McLean County, North Dakota","6248","4372","1876","3496","1462","2034","776","38","055"
"Mercer County, North Dakota","4824","3663","1161","3056","1346","1710","544","38","057"
"Mountrail County, North Dakota","5181","3570","1611","2286","825","1461","1001","38","061"
"Oliver County, North Dakota","1006","743","263","660","251","409","60","38","065"
"Pembina County, North Dakota","3859","3169","690","2299","784","1515","680","38","067"
"Ramsey County, North Dakota","5867","4903","964","2919","1140","1779","1819","38","071"
"Ransom County, North Dakota","2690","2380","310","1676","842","834","569","38","073"
"Richland County, North Dakota","7761","6806","955","4749","2454","2295","1907","38","077"
"Rolette County, North Dakota","5590","4402","1188","3149","637","2512","1126","38","079"
"Sheridan County, North Dakota","887","684","203","555","141","414","96","38","083"
"Sioux County, North Dakota","1347","1107","240","539","143","396","471","38","085"
"Stark County, North Dakota","14796","12635","2161","8006","4501","3505","4383","38","089"
"Steele County, North Dakota","1180","804","376","644","244","400","68","38","091"
"Towner County, North Dakota","1488","1104","384","803","212","591","196","38","095"
"Traill County, North Dakota","3850","3394","456","2465","1179","1286","829","38","097"
"Ward County, North Dakota","33083","28432","4651","16826","10221","6605","11214","38","101"
"Williams County, North Dakota","19490","14646","4844","7756","4138","3618","6519","38","105"
"Apache County, Arizona","32943","21505","11438","17134","3232","13902","3909","04","001"
"Cochise County, Arizona","61380","50917","10463","35181","18613","16568","14436","04","003"
"Coconino County, Arizona","66807","49016","17791","29789","15679","14110","17823","04","005"
"Gila County, Arizona","33714","22523","11191","16934","7309","9625","4564","04","007"
"Graham County, Arizona","13678","11348","2330","8113","4647","3466","2892","04","009"
"Greenlee County, Arizona","4465","3295","1170","1682","618","1064","1586","04","011"
"La Paz County, Arizona","16308","9928","6380","7129","1899","5230","2290","04","012"
"Maricopa County, Arizona","1765880","1596784","169096","1008487","690104","318383","568909","04","013"
"Mohave County, Arizona","115466","90413","25053","63681","34874","28807","24086","04","015"
"Navajo County, Arizona","58230","36406","21824","25372","9299","16073","9348","04","017"
"Pima County, Arizona","463236","410942","52294","263142","161554","101588","140613","04","019"
"Pinal County, Arizona","177933","148435","29498","114923","70319","44604","28805","04","021"
"Santa Cruz County, Arizona","18412","16049","2363","10883","6670","4213","4670","04","023"
"Yavapai County, Arizona","118531","101245","17286","73506","40749","32757","25076","04","025"
"Yuma County, Arizona","93612","74624","18988","51220","28084","23136","21837","04","027"
"Allen County, Kansas","6351","5125","1226","3609","1588","2021","1339","20","001"
"Anderson County, Kansas","3751","3154","597","2284","904","1380","741","20","003"
"Atchison County, Kansas","6959","6039","920","4311","2210","2101","1398","20","005"
"Barber County, Kansas","2727","1931","796","1432","506","926","377","20","007"
"Barton County, Kansas","12728","10628","2100","7160","3120","4040","3241","20","009"
"Bourbon County, Kansas","7122","5921","1201","4331","1988","2343","1413","20","011"
"Chester County, Pennsylvania","201715","192951","8764","144688","100556","44132","46330","42","029"
"Clearfield County, Pennsylvania","39321","31704","7617","24544","11732","12812","6414","42","033"
"Clinton County, Pennsylvania","19257","15058","4199","10487","5815","4672","4246","42","035"
"Crawford County, Pennsylvania","44968","35169","9799","25593","13137","12456","8492","42","039"
"Cumberland County, Pennsylvania","107024","101176","5848","70533","44909","25624","29711","42","041"
"Delaware County, Pennsylvania","224746","209596","15150","143938","94938","49000","63666","42","045"
"Elk County, Pennsylvania","17808","14215","3593","11151","4813","6338","2765","42","047"
"Fayette County, Pennsylvania","63820","55346","8474","40642","20253","20389","12385","42","051"
"Forest County, Pennsylvania","8721","2131","6590","1772","565","1207","225","42","053"
"Fulton County, Pennsylvania","7269","6040","1229","4726","2387","2339","1086","42","057"
"Greene County, Pennsylvania","16787","14503","2284","10912","4976","5936","3024","42","059"
"Indiana County, Pennsylvania","38989","33855","5134","23720","11368","12352","9081","42","063"
"Jefferson County, Pennsylvania","22738","18400","4338","13765","6278","7487","4073","42","065"
"Lackawanna County, Pennsylvania","100576","87737","12839","56316","30508","25808","29297","42","069"
"Lancaster County, Pennsylvania","212160","204003","8157","141505","89197","52308","60456","42","071"
"Lebanon County, Pennsylvania","57970","53857","4113","37987","22636","15351","15246","42","075"
"Lehigh County, Pennsylvania","146699","140072","6627","90661","58800","31861","47398","42","077"
"Lycoming County, Pennsylvania","53533","46160","7373","31653","18521","13132","13703","42","081"
"McKean County, Pennsylvania","21260","17059","4201","12687","6507","6180","3860","42","083"
"Mercer County, Pennsylvania","52303","46821","5482","33620","17026","16594","12133","42","085"
"Monroe County, Pennsylvania","81648","59950","21698","46207","30184","16023","12804","42","089"
"Montgomery County, Pennsylvania","336189","318648","17541","228996","156711","72285","86367","42","091"
"Montour County, Pennsylvania","8223","7475","748","5156","2759","2397","2024","42","093"
"Northampton County, Pennsylvania","123556","115300","8256","82098","52641","29457","32014","42","095"
"Northumberland County, Pennsylvania","45522","39048","6474","27794","13679","14115","10080","42","097"
"Perry County, Pennsylvania","20934","18512","2422","15015","9279","5736","3145","42","099"
"Philadelphia County, Pennsylvania","689121","613125","75996","323784","194603","129181","277864","42","101"
"Pike County, Pennsylvania","39049","22717","16332","19151","12394","6757","3333","42","103"
"Potter County, Pennsylvania","13011","6630","6381","5167","2349","2818","1270","42","105"
"Schuylkill County, Pennsylvania","69965","58646","11319","44108","22309","21799","12871","42","107"
"Snyder County, Pennsylvania","16500","14824","1676","10864","6009","4855","3397","42","109"
"Somerset County, Pennsylvania","38523","29518","9005","23558","11161","12397","5103","42","111"
"Sullivan County, Pennsylvania","6378","2751","3627","2275","1046","1229","419","42","113"
"Susquehanna County, Pennsylvania","23360","17027","6333","13181","6354","6827","3244","42","115"
"Tioga County, Pennsylvania","21869","16442","5427","12264","5878","6386","3524","42","117"
"Union County, Pennsylvania","17430","14762","2668","10415","5497","4918","4082","42","119"
"Venango County, Pennsylvania","27593","22103","5490","16172","7513","8659","5224","42","121"
"Warren County, Pennsylvania","23627","17124","6503","13293","6102","7191","3325","42","123"
"Washington County, Pennsylvania","96263","85201","11062","63856","35971","27885","19588","42","125"
"Wayne County, Pennsylvania","32381","18938","13443","15325","7791","7534","3001","42","127"
"Wyoming County, Pennsylvania","13479","10887","2592","8253","4242","4011","2249","42","131"
"York County, Pennsylvania","184896","174425","10471","130524","84377","46147","41805","42","133"
"Abbeville County, South Carolina","12211","9597","2614","7193","3094","4099","1874","45","001"
"Allendale County, South Carolina","4500","3426","1074","2347","601","1746","923","45","005"
"Anderson County, South Carolina","89095","78636","10459","57104","31708","25396","19837","45","007"
"Barnwell County, South Carolina","10581","8670","1911","6285","2848","3437","1858","45","011"
"Beaufort County, South Carolina","101059","74231","26828","55533","32480","23053","17732","45","013"
"Calhoun County, South Carolina","7501","6221","1280","5062","2015","3047","882","45","017"
"Charleston County, South Carolina","191521","163411","28110","101589","66634","34955","58668","45","019"
"Chester County, South Carolina","14772","12861","1911","10133","4195","5938","2414","45","023"
"Chesterfield County, South Carolina","21764","18213","3551","12727","5258","7469","4373","45","025"
"Colleton County, South Carolina","20200","15281","4919","11326","5085","6241","2871","45","029"
"Darlington County, South Carolina","30895","26117","4778","18192","8251","9941","6621","45","031"
"Dillon County, South Carolina","13808","11147","2661","6551","2749","3802","3006","45","033"
"Edgefield County, South Carolina","11060","9171","1889","6953","3508","3445","1773","45","037"
"Fairfield County, South Carolina","11958","9315","2643","7014","2905","4109","1883","45","039"
"Georgetown County, South Carolina","35655","25758","9897","20552","10174","10378","4625","45","043"
"O'Brien County, Iowa","6691","5976","715","4456","2263","2193","1350","19","141"
"Palo Alto County, Iowa","4594","3712","882","2808","1485","1323","810","19","147"
"Polk County, Iowa","204110","191125","12985","128152","90283","37869","61286","19","153"
"Poweshiek County, Iowa","9160","7827","1333","5190","2709","2481","2464","19","157"
"Scott County, Iowa","74662","67437","7225","47289","31562","15727","19439","19","163"
"Story County, Iowa","40663","37997","2666","20703","12281","8422","16876","19","169"
"Taylor County, Iowa","3105","2567","538","2092","1019","1073","416","19","173"
"Wapello County, Iowa","16080","14404","1676","9752","5240","4512","4385","19","179"
"Wayne County, Iowa","3200","2620","580","2109","935","1174","427","19","185"
"Winnebago County, Iowa","5197","4533","664","3525","1773","1752","950","19","189"
"Worth County, Iowa","3519","3199","320","2545","1331","1214","557","19","195"
"Anne Arundel County, Maryland","226330","213122","13208","158420","118019","40401","53109","24","003"
"Calvert County, Maryland","35421","32558","2863","27589","21372","6217","4690","24","009"
"Cecil County, Maryland","42690","37293","5397","27802","19305","8497","8975","24","015"
"Frederick County, Maryland","99179","94299","4880","71556","54681","16875","21954","24","021"
"Howard County, Maryland","120834","116457","4377","84686","63610","21076","30648","24","027"
"Montgomery County, Maryland","390475","372825","17650","244613","177141","67472","124575","24","031"
"St. Mary's County, Maryland","45867","41280","4587","29020","21005","8015","11992","24","037"
"Cheboygan County, Michigan","18582","11219","7363","9425","4728","4697","1581","26","031"
"Clinton County, Michigan","31955","30182","1773","24790","15652","9138","5024","26","037"
"Dickinson County, Michigan","14108","11491","2617","9125","4856","4269","2201","26","043"
"Emmet County, Michigan","21753","14197","7556","10540","6176","4364","3373","26","047"
"Gogebic County, Michigan","10779","6896","3883","5348","2264","3084","1302","26","053"
"Hillsdale County, Michigan","22055","18180","3875","14076","8244","5832","3578","26","059"
"Ingham County, Michigan","124012","113678","10334","66879","43153","23726","45684","26","065"
"Iosco County, Michigan","20574","11772","8802","9509","4759","4750","2109","26","069"
"Jackson County, Michigan","69719","62216","7503","46231","27602","18629","14969","26","075"
"Kent County, Michigan","257115","244795","12320","172222","110562","61660","70297","26","081"
"Lapeer County, Michigan","36817","34041","2776","28980","18316","10664","4633","26","087"
"Lenawee County, Michigan","43894","38693","5201","30116","18654","11462","8066","26","091"
"Mackinac County, Michigan","11233","5268","5965","3848","1881","1967","1061","26","097"
"Marquette County, Michigan","34907","27177","7730","19435","10704","8731","7385","26","103"
"Menominee County, Michigan","14351","10403","3948","8154","3971","4183","2104","26","109"
"Missaukee County, Michigan","9286","6194","3092","4940","2641","2299","1093","26","113"
"Montmorency County, Michigan","9604","4490","5114","3848","1981","1867","488","26","119"
"Oakland County, Michigan","542094","509589","32505","363025","243024","120001","141956","26","125"
"Ontonagon County, Michigan","5703","2823","2880","2489","890","1599","274","26","131"
"Otsego County, Michigan","14911","9985","4926","7736","4883","2853","2141","26","137"
"Presque Isle County, Michigan","10442","5923","4519","5256","2486","2770","531","26","141"
"St. Clair County, Michigan","72395","65668","6727","51845","30632","21213","13116","26","147"
"Schoolcraft County, Michigan","6382","3675","2707","3078","1577","1501","505","26","153"
"Van Buren County, Michigan","37394","29882","7512","23188","14149","9039","6115","26","159"
"George County, Mississippi","9546","8085","1461","6641","2886","3755","951","28","039"
"Hancock County, Mississippi","25862","21494","4368","17161","9290","7871","3755","28","045"
"Holmes County, Mississippi","8593","6358","2235","3750","1050","2700","1875","28","051"
"Itawamba County, Mississippi","10311","8525","1786","6692","2861","3831","1465","28","057"
"Jefferson County, Mississippi","3793","2543","1250","1814","401","1413","373","28","063"
"Kemper County, Mississippi","4770","3757","1013","2811","1124","1687","554","28","069"
"Lamar County, Mississippi","24698","22467","2231","15193","9173","6020","6698","28","073"
"Leake County, Mississippi","9597","8113","1484","5841","2094","3747","1790","28","079"
"Lincoln County, Mississippi","15662","13127","2535","9965","3317","6648","2527","28","085"
"Marion County, Mississippi","12102","9770","2332","7721","2374","5347","1644","28","091"
"Montgomery County, Mississippi","5777","4366","1411","2947","1095","1852","1043","28","097"
"Newton County, Mississippi","9547","7926","1621","6258","2497","3761","1056","28","101"
"Panola County, Mississippi","15094","12354","2740","8389","3392","4997","3049","28","107"
"Pike County, Mississippi","18736","14561","4175","9945","3628","6317","4155","28","113"
"Quitman County, Mississippi","3568","3022","546","1789","605","1184","887","28","119"
"Sharkey County, Mississippi","2160","1757","403","1085","440","645","393","28","125"
"Smith County, Mississippi","7420","5888","1532","4987","1739","3248","622","28","129"
"Butler County, Kansas","27086","24833","2253","18603","11726","6877","5746","20","015"
"Chautauqua County, Kansas","2144","1418","726","1076","366","710","201","20","019"
"Cherokee County, Kansas","9891","7954","1937","5666","2627","3039","1997","20","021"
"Clark County, Kansas","1171","890","281","686","273","413","143","20","025"
"Clay County, Kansas","4097","3741","356","2695","1285","1410","829","20","027"
"Coffey County, Kansas","4105","3648","457","2782","1267","1515","722","20","031"
"Comanche County, Kansas","1043","818","225","569","208","361","157","20","033"
"Crawford County, Kansas","18182","15603","2579","9340","4450","4890","5850","20","037"
"Dickinson County, Kansas","9180","7933","1247","5814","3236","2578","1876","20","041"
"Doniphan County, Kansas","3575","3003","572","2303","911","1392","586","20","043"
"Edwards County, Kansas","1622","1285","337","1005","259","746","218","20","047"
"Elk County, Kansas","1754","1150","604","936","312","624","169","20","049"
"Ellsworth County, Kansas","3232","2390","842","1898","929","969","441","20","053"
"Finney County, Kansas","13608","12494","1114","8057","4543","3514","4235","20","055"
"Franklin County, Kansas","11271","10190","1081","7454","4443","3011","2599","20","059"
"Geary County, Kansas","15331","12866","2465","5362","3458","1904","7330","20","061"
"Graham County, Kansas","1483","1252","231","967","364","603","267","20","065"
"Gray County, Kansas","2447","2150","297","1740","878","862","374","20","069"
"Greeley County, Kansas","618","491","127","313","105","208","134","20","071"
"Hamilton County, Kansas","1137","818","319","633","288","345","121","20","075"
"Harper County, Kansas","3164","2367","797","1692","580","1112","508","20","077"
"Haskell County, Kansas","1692","1401","291","1093","439","654","172","20","081"
"Hodgeman County, Kansas","952","790","162","622","197","425","102","20","083"
"Jefferson County, Kansas","8419","7619","800","6514","3766","2748","1020","20","087"
"Johnson County, Kansas","244796","233599","11197","161108","113151","47957","70552","20","091"
"Kearny County, Kansas","1573","1270","303","906","333","573","293","20","093"
"Kiowa County, Kansas","1241","975","266","678","256","422","282","20","097"
"Labette County, Kansas","10039","8270","1769","5872","2732","3140","2175","20","099"
"Leavenworth County, Kansas","29992","27645","2347","18563","12407","6156","8665","20","103"
"Lincoln County, Kansas","1848","1305","543","1024","414","610","206","20","105"
"Logan County, Kansas","1449","1144","305","755","320","435","309","20","109"
"McPherson County, Kansas","13351","12479","872","8651","4819","3832","3557","20","113"
"Marion County, Kansas","6002","4838","1164","3850","1801","2049","874","20","115"
"Meade County, Kansas","1978","1715","263","1138","491","647","454","20","119"
"Miami County, Kansas","13889","13000","889","10396","7173","3223","2483","20","121"
"Montgomery County, Kansas","16458","13767","2691","9571","4510","5061","3864","20","125"
"Morris County, Kansas","3212","2344","868","1810","784","1026","455","20","127"
"Nemaha County, Kansas","4622","4069","553","2977","1262","1715","975","20","131"
"Neosho County, Kansas","7749","6462","1287","4751","2441","2310","1453","20","133"
"Norton County, Kansas","2542","1865","677","1430","508","922","395","20","137"
"Osborne County, Kansas","2170","1687","483","1306","397","909","301","20","141"
"Ottawa County, Kansas","2777","2433","344","1918","934","984","443","20","143"
"Pawnee County, Kansas","3158","2447","711","1515","749","766","862","20","145"
"Phillips County, Kansas","3089","2406","683","1712","686","1026","586","20","147"
"Pottawatomie County, Kansas","9824","8883","941","6789","3796","2993","1894","20","149"
"Pratt County, Kansas","4472","3733","739","2514","1094","1420","1120","20","151"
"Rawlins County, Kansas","1407","1169","238","840","337","503","237","20","153"
"Reno County, Kansas","28543","24970","3573","17465","9382","8083","6943","20","155"
"Republic County, Kansas","2865","2176","689","1563","563","1000","523","20","157"
"Rice County, Kansas","4581","3939","642","2887","1399","1488","927","20","159"
"Riley County, Kansas","31175","26878","4297","11709","7005","4704","14884","20","161"
"Rooks County, Kansas","2744","2167","577","1590","604","986","508","20","163"
"Rush County, Kansas","1867","1448","419","1058","386","672","324","20","165"
"Russell County, Kansas","3883","3005","878","2353","1183","1170","623","20","167"
"Saline County, Kansas","24411","22251","2160","14536","8452","6084","7320","20","169"
"Scott County, Kansas","2194","2062","132","1253","655","598","574","20","171"
"Sedgwick County, Kansas","220638","199320","21318","124213","77122","47091","72423","20","173"
"Seward County, Kansas","8259","7183","1076","4480","2037","2443","2626","20","175"
"Shawnee County, Kansas","80126","72962","7164","48363","28394","19969","23657","20","177"
"Sheridan County, Kansas","1252","1080","172","861","247","614","155","20","179"
"Hampton County, South Carolina","9198","6893","2305","5237","1453","3784","1260","45","049"
"Horry County, South Carolina","210354","136219","74135","100572","54392","46180","32637","45","051"
"Kershaw County, South Carolina","29444","25293","4151","20496","11567","8929","4010","45","055"
"Lancaster County, South Carolina","38529","35228","3301","28377","16927","11450","6143","45","057"
"Laurens County, South Carolina","31469","25555","5914","18294","8641","9653","6438","45","059"
"Lexington County, South Carolina","126241","115220","11021","86749","55571","31178","25748","45","063"
"McCormick County, South Carolina","5669","3984","1685","3099","1177","1922","752","45","065"
"Marlboro County, South Carolina","12058","9384","2674","6025","2342","3683","2447","45","069"
"Newberry County, South Carolina","18363","14976","3387","11221","4923","6298","3380","45","071"
"Orangeburg County, South Carolina","42856","33629","9227","22585","8125","14460","8414","45","075"
"Pickens County, South Carolina","54939","48522","6417","33227","18614","14613","14289","45","077"
"Saluda County, South Carolina","9470","7360","2110","5710","2239","3471","1269","45","081"
"Spartanburg County, South Carolina","131725","118788","12937","84689","51066","33623","30916","45","083"
"Union County, South Carolina","14118","11707","2411","7823","3164","4659","3201","45","087"
"Williamsburg County, South Carolina","15543","12705","2838","9191","3365","5826","2839","45","089"
"York County, South Carolina","109967","103582","6385","74898","50869","24029","27203","45","091"
"Beadle County, South Dakota","8544","7684","860","5077","2596","2481","2472","46","005"
"Bennett County, South Dakota","1248","1036","212","662","267","395","321","46","007"
"Brookings County, South Dakota","14756","13364","1392","7875","4611","3264","5229","46","011"
"Brown County, South Dakota","18098","16245","1853","10656","6174","4482","5414","46","013"
"Buffalo County, South Dakota","641","540","101","277","28","249","220","46","017"
"Butte County, South Dakota","4884","4179","705","3403","1901","1502","678","46","019"
"Campbell County, South Dakota","1015","699","316","577","170","407","74","46","021"
"Charles Mix County, South Dakota","3912","3149","763","2215","730","1485","804","46","023"
"Clark County, South Dakota","1838","1584","254","1264","511","753","277","46","025"
"Clay County, South Dakota","6114","5259","855","2830","1578","1252","2249","46","027"
"Codington County, South Dakota","13222","12090","1132","7949","4605","3344","3763","46","029"
"Corson County, South Dakota","1539","1205","334","670","137","533","388","46","031"
"Custer County, South Dakota","5294","3893","1401","3249","1801","1448","599","46","033"
"Davison County, South Dakota","9550","8651","899","5187","2804","2383","3206","46","035"
"Day County, South Dakota","3808","2568","1240","1909","798","1111","555","46","037"
"Deuel County, South Dakota","2212","1777","435","1393","629","764","309","46","039"
"Dewey County, South Dakota","2043","1731","312","1036","298","738","622","46","041"
"Douglas County, South Dakota","1467","1203","264","894","306","588","253","46","043"
"Edmunds County, South Dakota","2057","1550","507","1277","604","673","212","46","045"
"Fall River County, South Dakota","4227","3138","1089","2337","1129","1208","706","46","047"
"Faulk County, South Dakota","1235","920","315","713","243","470","80","46","049"
"Grant County, South Dakota","3603","3148","455","2630","1325","1305","392","46","051"
"Gregory County, South Dakota","2555","1832","723","1362","407","955","332","46","053"
"Haakon County, South Dakota","1035","758","277","597","175","422","100","46","055"
"Hamlin County, South Dakota","2920","2242","678","1799","1030","769","370","46","057"
"Hand County, South Dakota","1795","1426","369","976","382","594","309","46","059"
"Harding County, South Dakota","711","516","195","338","104","234","99","46","063"
"Hughes County, South Dakota","8041","7475","566","5276","3134","2142","2082","46","065"
"Hyde County, South Dakota","768","616","152","467","146","321","130","46","069"
"Jackson County, South Dakota","1237","815","422","485","124","361","278","46","071"
"Jones County, South Dakota","582","419","163","289","99","190","84","46","075"
"Kingsbury County, South Dakota","2798","2172","626","1703","755","948","360","46","077"
"Greenville County, South Carolina","214785","198015","16770","135145","84781","50364","59907","45","045"
"Lake County, South Dakota","5824","4712","1112","3482","1916","1566","1122","46","079"
"Lincoln County, South Dakota","20993","20341","652","15441","10646","4795","4727","46","083"
"Lyman County, South Dakota","1741","1393","348","969","284","685","353","46","085"
"McPherson County, South Dakota","1412","996","416","756","165","591","170","46","089"
"Marshall County, South Dakota","2647","1898","749","1501","595","906","339","46","091"
"Mellette County, South Dakota","834","675","159","436","111","325","157","46","095"
"Miner County, South Dakota","1366","963","403","749","258","491","161","46","097"
"Moody County, South Dakota","2895","2608","287","1850","890","960","670","46","101"
"Tallahatchie County, Mississippi","5655","4322","1333","2754","948","1806","1156","28","135"
"Tishomingo County, Mississippi","10444","7938","2506","5804","1910","3894","1804","28","141"
"Walthall County, Mississippi","7303","5707","1596","4862","1566","3296","571","28","147"
"Wayne County, Mississippi","9474","7967","1507","6782","2133","4649","999","28","153"
"Winston County, Mississippi","8781","7100","1681","5286","2194","3092","1373","28","159"
"Bernalillo County, New Mexico","295111","272528","22583","172529","110581","61948","95507","35","001"
"Roosevelt County, New Mexico","8550","6785","1765","3962","2030","1932","2497","35","041"
"San Miguel County, New Mexico","16034","11942","4092","8353","2742","5611","2967","35","047"
"Sierra County, New Mexico","8567","5402","3165","3960","1598","2362","1116","35","051"
"Torrance County, New Mexico","8064","5957","2107","4909","2162","2747","815","35","057"
"Adams County, North Dakota","1443","1058","385","768","237","531","235","38","001"
"Billings County, North Dakota","557","366","191","281","79","202","61","38","007"
"Burke County, North Dakota","1408","950","458","747","227","520","176","38","013"
"Cavalier County, North Dakota","2353","1778","575","1427","499","928","310","38","019"
"Divide County, North Dakota","1567","1060","507","789","154","635","261","38","023"
"Emmons County, North Dakota","2153","1546","607","1245","327","918","207","38","029"
"Grand Forks County, North Dakota","33267","30779","2488","14954","9162","5792","15535","38","035"
"Hettinger County, North Dakota","1480","1093","387","855","341","514","155","38","041"
"Logan County, North Dakota","1141","812","329","684","199","485","79","38","047"
"McKenzie County, North Dakota","6856","4478","2378","2576","1403","1173","1748","38","053"
"Morton County, North Dakota","15204","13502","1702","9579","5583","3996","3700","38","059"
"Nelson County, North Dakota","1946","1428","518","1072","345","727","301","38","063"
"Pierce County, North Dakota","2212","1843","369","1411","578","833","386","38","069"
"Renville County, North Dakota","1373","931","442","785","374","411","121","38","075"
"Sargent County, North Dakota","2154","1897","257","1377","488","889","445","38","081"
"Slope County, North Dakota","464","336","128","279","63","216","34","38","087"
"Stutsman County, North Dakota","10253","8977","1276","5607","2743","2864","3245","38","093"
"Walsh County, North Dakota","5571","4820","751","3697","1362","2335","889","38","099"
"Wells County, North Dakota","2517","1941","576","1455","461","994","375","38","103"
"Brown County, Kansas","4748","3757","991","2663","1118","1545","967","20","013"
"Chase County, Kansas","1492","1082","410","848","321","527","205","20","017"
"Cheyenne County, Kansas","1511","1263","248","1003","348","655","204","20","023"
"Cloud County, Kansas","4588","3641","947","2637","1281","1356","857","20","029"
"Cowley County, Kansas","16223","13800","2423","9435","4889","4546","3942","20","035"
"Decatur County, Kansas","1795","1414","381","1052","344","708","315","20","039"
"Douglas County, Kansas","51039","47972","3067","24333","16306","8027","23281","20","045"
"Ellis County, Kansas","13277","11686","1591","7338","4327","3011","4127","20","051"
"Ford County, Kansas","12285","11237","1048","7093","3606","3487","4010","20","057"
"Gove County, Kansas","1422","1260","162","924","395","529","238","20","063"
"Grant County, Kansas","2961","2561","400","1751","853","898","674","20","067"
"Greenwood County, Kansas","4032","2695","1337","2069","662","1407","477","20","073"
"Harvey County, Kansas","14823","13396","1427","9367","5200","4167","3889","20","079"
"Jackson County, Kansas","5872","5429","443","4046","2406","1640","1303","20","085"
"Jewell County, Kansas","2015","1386","629","1147","287","860","179","20","089"
"Kingman County, Kansas","3842","3253","589","2420","931","1489","707","20","095"
"Lane County, Kansas","976","737","239","532","185","347","116","20","101"
"Linn County, Kansas","5614","4509","1105","3577","1829","1748","872","20","107"
"Lyon County, Kansas","15378","13561","1817","7829","4430","3399","5445","20","111"
"Marshall County, Kansas","4925","4128","797","3240","1328","1912","814","20","117"
"Mitchell County, Kansas","3301","2593","708","1802","776","1026","702","20","123"
"Morton County, Kansas","1451","1036","415","664","198","466","273","20","129"
"Ness County, Kansas","1687","1260","427","1074","329","745","123","20","135"
"Osage County, Kansas","7618","6624","994","5020","2776","2244","1464","20","139"
"Stafford County, Kansas","2339","1758","581","1390","458","932","280","20","185"
"Sumner County, Kansas","11014","9462","1552","6730","3494","3236","2358","20","191"
"Wabaunsee County, Kansas","3312","2722","590","2260","1228","1032","386","20","197"
"Wichita County, Kansas","1081","935","146","697","313","384","136","20","203"
"Woodson County, Kansas","2025","1390","635","1176","312","864","168","20","207"
"Allen County, Kentucky","9501","7816","1685","5898","3063","2835","1684","21","003"
"Sherman County, Kansas","3110","2569","541","1690","909","781","801","20","181"
"Smith County, Kansas","2230","1664","566","1289","490","799","273","20","183"
"Stanton County, Kansas","1094","850","244","653","201","452","167","20","187"
"Stevens County, Kansas","2329","1770","559","1208","508","700","394","20","189"
"Thomas County, Kansas","3602","3294","308","2406","1423","983","759","20","193"
"Trego County, Kansas","1709","1353","356","1045","402","643","271","20","195"
"Wallace County, Kansas","795","651","144","442","139","303","151","20","199"
"Washington County, Kansas","2940","2412","528","1868","733","1135","405","20","201"
"Wilson County, Kansas","4664","3627","1037","2670","1239","1431","833","20","205"
"Wyandotte County, Kansas","68239","60400","7839","35569","20506","15063","23915","20","209"
"Adair County, Kentucky","8626","6991","1635","5404","2591","2813","1382","21","001"
"Anderson County, Kentucky","9483","8757","726","6610","4314","2296","1950","21","005"
"Ballard County, Kentucky","3915","3052","863","2403","1162","1241","533","21","007"
"Bath County, Kentucky","5525","4885","640","3496","1784","1712","897","21","011"
"Bell County, Kentucky","13226","10504","2722","6628","2138","4490","3085","21","013"
"Bourbon County, Kentucky","9085","7990","1095","5029","3015","2014","2537","21","017"
"Boyd County, Kentucky","21649","18213","3436","12319","7008","5311","5368","21","019"
"Bracken County, Kentucky","3860","3197","663","2426","1428","998","603","21","023"
"Breckinridge County, Kentucky","10828","7731","3097","6325","2978","3347","1110","21","027"
"Bullitt County, Kentucky","31841","29940","1901","24372","15871","8501","5053","21","029"
"Caldwell County, Kentucky","6289","5215","1074","3876","1839","2037","1143","21","033"
"Calloway County, Kentucky","18924","15492","3432","9730","5125","4605","5276","21","035"
"Carlisle County, Kentucky","2471","1925","546","1573","736","837","297","21","039"
"Carroll County, Kentucky","4730","4176","554","2749","1172","1577","1306","21","041"
"Casey County, Kentucky","7536","6048","1488","4632","1676","2956","1103","21","045"
"Christian County, Kentucky","29961","26097","3864","12240","6396","5844","12913","21","047"
"Clay County, Kentucky","9055","7432","1623","5122","1556","3566","1519","21","051"
"Clinton County, Kentucky","5314","4023","1291","2811","997","1814","1042","21","053"
"Cumberland County, Kentucky","3673","2642","1031","1910","677","1233","590","21","057"
"Daviess County, Kentucky","43348","40229","3119","26792","16420","10372","12836","21","059"
"Elliott County, Kentucky","3463","2412","1051","1872","581","1291","398","21","063"
"Fayette County, Kentucky","142813","130926","11887","71547","49049","22498","57282","21","067"
"Fleming County, Kentucky","6732","5890","842","4293","2003","2290","1276","21","069"
"Franklin County, Kentucky","23272","21278","1994","13270","8405","4865","7449","21","073"
"Fulton County, Kentucky","3336","2550","786","1680","622","1058","796","21","075"
"Garrard County, Kentucky","7501","6779","722","5763","3536","2227","815","21","079"
"Grant County, Kentucky","10276","9210","1066","6447","2935","3512","2607","21","081"
"Grayson County, Kentucky","13704","9753","3951","7183","3182","4001","2061","21","085"
"Green County, Kentucky","5337","4440","897","3204","1541","1663","1054","21","087"
"Hancock County, Kentucky","3752","3364","388","2725","1511","1214","453","21","091"
"Hardin County, Kentucky","46970","42059","4911","25661","16120","9541","15380","21","093"
"Harrison County, Kentucky","8315","7474","841","5261","2830","2431","2114","21","097"
"Henderson County, Kentucky","20577","18762","1815","11925","6855","5070","6358","21","101"
"Henry County, Kentucky","6791","6154","637","4347","2389","1958","1616","21","103"
"Hickman County, Kentucky","2367","1724","643","1383","560","823","275","21","105"
"Hopkins County, Kentucky","21490","18619","2871","12679","6881","5798","5117","21","107"
"Jackson County, Kentucky","6629","5417","1212","4198","1992","2206","840","21","109"
"Jefferson County, Kentucky","347172","316411","30761","194638","126553","68085","117884","21","111"
"Jessamine County, Kentucky","20614","18888","1726","12704","8080","4624","5884","21","113"
"Johnson County, Kentucky","10632","8528","2104","6044","2854","3190","1991","21","115"
"Kenton County, Kentucky","69790","64544","5246","43693","31266","12427","20011","21","117"
"Knott County, Kentucky","7658","6319","1339","4623","1267","3356","993","21","119"
"Knox County, Kentucky","14796","12075","2721","8042","2816","5226","3083","21","121"
"Larue County, Kentucky","6403","5779","624","4403","2329","2074","1243","21","123"
"Laurel County, Kentucky","25948","22665","3283","15976","8285","7691","5463","21","125"
"Lawrence County, Kentucky","7446","5583","1863","4206","1686","2520","1140","21","127"
"Lee County, Kentucky","3486","2884","602","1981","669","1312","550","21","129"
"Leslie County, Kentucky","5424","4156","1268","3544","1529","2015","266","21","131"
"Letcher County, Kentucky","11808","9599","2209","7096","2319","4777","1656","21","133"
"Oglala Lakota County, South Dakota","3647","2813","834","1395","223","1172","1338","46","102"
"Perkins County, South Dakota","1789","1329","460","1006","288","718","200","46","105"
"Potter County, South Dakota","1591","997","594","761","277","484","135","46","107"
"Roberts County, South Dakota","5088","3889","1199","2540","953","1587","1238","46","109"
"Spink County, South Dakota","3263","2599","664","1960","787","1173","502","46","115"
"Stanley County, South Dakota","1614","1443","171","1181","601","580","254","46","117"
"Todd County, South Dakota","3182","2674","508","1258","116","1142","1180","46","121"
"Tripp County, South Dakota","3105","2234","871","1637","560","1077","517","46","123"
"Union County, South Dakota","7267","6864","403","4676","2789","1887","2066","46","127"
"Walworth County, South Dakota","3074","2263","811","1630","757","873","567","46","129"
"Ziebach County, South Dakota","1008","775","233","431","117","314","285","46","137"
"Anderson County, Tennessee","35057","30886","4171","20886","10506","10380","9182","47","001"
"Benton County, Tennessee","9158","6770","2388","5130","1878","3252","1229","47","005"
"Bledsoe County, Tennessee","5771","4822","949","3696","1640","2056","715","47","007"
"Bradley County, Tennessee","44149","40730","3419","27212","16069","11143","12398","47","011"
"Campbell County, Tennessee","21207","16461","4746","10934","5466","5468","4575","47","013"
"Carroll County, Tennessee","13256","10993","2263","8094","3539","4555","2552","47","017"
"Carter County, Tennessee","28236","23993","4243","17269","7895","9374","5728","47","019"
"Chester County, Tennessee","7166","5992","1174","4624","2408","2216","1216","47","023"
"Claiborne County, Tennessee","15539","13561","1978","9608","4357","5251","3310","47","025"
"Cocke County, Tennessee","17640","14171","3469","9864","4100","5764","3567","47","029"
"Coffee County, Tennessee","24272","22034","2238","14711","7655","7056","6347","47","031"
"Cumberland County, Tennessee","30081","26389","3692","20869","10910","9959","4696","47","035"
"Davidson County, Tennessee","319739","289191","30548","157390","110185","47205","127360","47","037"
"DeKalb County, Tennessee","9686","7782","1904","5314","2690","2624","2195","47","041"
"Dickson County, Tennessee","22097","19559","2538","14891","8451","6440","3986","47","043"
"Dyer County, Tennessee","16933","15271","1662","9518","4866","4652","5449","47","045"
"Fayette County, Tennessee","17436","16040","1396","12587","7762","4825","2851","47","047"
"Fentress County, Tennessee","9044","7368","1676","5597","2173","3424","1479","47","049"
"Franklin County, Tennessee","19508","16497","3011","12124","6286","5838","3531","47","051"
"Gibson County, Tennessee","22662","19594","3068","12852","6580","6272","5767","47","053"
"Giles County, Tennessee","14156","11700","2456","8241","3994","4247","3031","47","055"
"Grainger County, Tennessee","11157","9147","2010","6990","3092","3898","1667","47","057"
"Greene County, Tennessee","32655","27515","5140","20860","10222","10638","5234","47","059"
"Grundy County, Tennessee","6467","4944","1523","3885","1825","2060","681","47","061"
"Hamblen County, Tennessee","27240","24490","2750","16349","9129","7220","7615","47","063"
"Hamilton County, Tennessee","163605","148296","15309","95010","57780","37230","50736","47","065"
"Hancock County, Tennessee","3609","2731","878","2116","703","1413","471","47","067"
"Hardeman County, Tennessee","11023","9245","1778","6414","2968","3446","2311","47","069"
"Hardin County, Tennessee","14109","10087","4022","7658","3596","4062","1885","47","071"
"Hawkins County, Tennessee","27406","23183","4223","17732","8484","9248","4704","47","073"
"Haywood County, Tennessee","8419","7148","1271","4209","2342","1867","2646","47","075"
"Henderson County, Tennessee","13037","10914","2123","8055","3256","4799","2225","47","077"
"Henry County, Tennessee","17270","13190","4080","9913","4150","5763","2876","47","079"
"Hickman County, Tennessee","10541","8675","1866","7124","3803","3321","1309","47","081"
"Houston County, Tennessee","4238","2919","1319","2322","992","1330","450","47","083"
"Humphreys County, Tennessee","8983","6869","2114","5389","2721","2668","1208","47","085"
"Jefferson County, Tennessee","24353","20038","4315","15174","8304","6870","4314","47","089"
"Johnson County, Tennessee","8997","6979","2018","5272","2168","3104","1226","47","091"
"Lake County, Tennessee","2592","2167","425","1108","445","663","804","47","095"
"Lauderdale County, Tennessee","11343","9609","1734","5467","2823","2644","3675","47","097"
"Lewis County, Tennessee","5598","4837","761","3790","1733","2057","906","47","101"
"Lincoln County, Tennessee","15624","13788","1836","10597","5577","5020","2793","47","103"
"McMinn County, Tennessee","23458","21147","2311","15711","8064","7647","4940","47","107"
"McNairy County, Tennessee","12066","9875","2191","7525","3067","4458","1896","47","109"
"Madison County, Tennessee","43320","38266","5054","23821","13513","10308","13753","47","113"
"Marion County, Tennessee","13505","11438","2067","8604","4155","4449","2273","47","115"
"Maury County, Tennessee","38474","35163","3311","25245","15904","9341","9411","47","119"
"Boone County, Kentucky","49938","47391","2547","35954","26182","9772","11018","21","015"
"Boyle County, Kentucky","12517","11079","1438","7636","4456","3180","3231","21","021"
"Breathitt County, Kentucky","6374","5281","1093","3789","1111","2678","838","21","025"
"Butler County, Kentucky","5976","4823","1153","3482","1541","1941","1022","21","031"
"Campbell County, Kentucky","40533","37197","3336","26204","17823","8381","10490","21","037"
"Carter County, Kentucky","12523","9624","2899","7577","2741","4836","1444","21","043"
"Clark County, Kentucky","15914","14576","1338","10057","6358","3699","4283","21","049"
"Crittenden County, Kentucky","4586","3588","998","2967","1325","1642","535","21","055"
"Edmonson County, Kentucky","6590","5028","1562","4243","1960","2283","629","21","061"
"Estill County, Kentucky","6929","5640","1289","3926","1456","2470","1375","21","065"
"Floyd County, Kentucky","18569","14700","3869","10497","3949","6548","3135","21","071"
"Gallatin County, Kentucky","3935","3088","847","2260","1036","1224","767","21","077"
"Graves County, Kentucky","16862","14402","2460","10690","5439","5251","3157","21","083"
"Greenup County, Kentucky","16309","14314","1995","11172","5706","5466","2528","21","089"
"Harlan County, Kentucky","13583","10745","2838","7460","2584","4876","2472","21","095"
"Hart County, Kentucky","9162","7256","1906","5378","2581","2797","1602","21","099"
"McLean County, Kentucky","4285","3747","538","2933","1505","1428","660","21","149"
"Magoffin County, Kentucky","6106","4989","1117","3706","989","2717","768","21","153"
"Martin County, Kentucky","5297","4045","1252","3121","1049","2072","568","21","159"
"Menifee County, Kentucky","3921","2464","1457","1858","662","1196","354","21","165"
"Monroe County, Kentucky","5262","4533","729","3167","1409","1758","1117","21","171"
"Muhlenberg County, Kentucky","13825","11539","2286","9360","4266","5094","1976","21","177"
"Ohio County, Kentucky","10441","9226","1215","7177","3453","3724","1779","21","183"
"Owsley County, Kentucky","2239","1655","584","1051","416","635","450","21","189"
"Perry County, Kentucky","13025","11334","1691","8783","3250","5533","1980","21","193"
"Pulaski County, Kentucky","31512","25572","5940","18015","8897","9118","6644","21","199"
"Rowan County, Kentucky","10392","8747","1645","5285","2656","2629","2877","21","205"
"Shelby County, Kentucky","18134","16801","1333","11904","7836","4068","4424","21","211"
"Taylor County, Kentucky","10969","9659","1310","6139","3250","2889","3182","21","217"
"Trigg County, Kentucky","7972","5916","2056","4673","2463","2210","1030","21","221"
"Warren County, Kentucky","54147","49880","4267","28754","18599","10155","20337","21","227"
"Webster County, Kentucky","5979","5001","978","3641","1462","2179","1037","21","233"
"Woodford County, Kentucky","11230","10399","831","7223","4641","2582","2584","21","239"
"Cumberland County, Maine","145838","123384","22454","86357","58017","28340","35011","23","005"
"Kennebec County, Maine","62997","52506","10491","37144","23236","13908","13935","23","011"
"Oxford County, Maine","37123","22359","14764","18007","9600","8407","3757","23","017"
"Sagadahoc County, Maine","18931","16024","2907","12084","7677","4407","3551","23","023"
"Waldo County, Maine","22570","17427","5143","14012","7736","6276","3001","23","027"
"Aitkin County, Minnesota","16873","7594","9279","6387","3328","3059","957","27","001"
"Freeborn County, Minnesota","14371","13005","1366","10042","5444","4598","2766","27","047"
"Hennepin County, Minnesota","539223","513892","25331","321314","227653","93661","188897","27","053"
"Isanti County, Minnesota","16230","15169","1061","12815","9011","3804","2195","27","059"
"Jackson County, Minnesota","5068","4480","588","3696","1968","1728","643","27","063"
"Kittson County, Minnesota","2613","1834","779","1454","598","856","345","27","069"
"Lake County, Minnesota","7890","5174","2716","4362","2542","1820","734","27","075"
"Lincoln County, Minnesota","3150","2459","691","1936","844","1092","429","27","081"
"Mahnomen County, Minnesota","2771","1956","815","1345","578","767","559","27","087"
"Meeker County, Minnesota","10951","9219","1732","7446","4491","2955","1625","27","093"
"Mower County, Minnesota","17100","15750","1350","11382","6805","4577","4151","27","099"
"Barren County, Kentucky","19807","17392","2415","11403","6144","5259","5516","21","009"
"Nobles County, Minnesota","8679","7898","781","5714","2682","3032","2003","27","105"
"Otter Tail County, Minnesota","36235","24693","11542","19684","11287","8397","4471","27","111"
"Pipestone County, Minnesota","4491","4002","489","3091","1595","1496","824","27","117"
"Ramsey County, Minnesota","221092","210424","10668","126202","82208","43994","82306","27","123"
"Renville County, Minnesota","7334","6032","1302","4663","2173","2490","1184","27","129"
"Roseau County, Minnesota","7618","5940","1678","4705","2675","2030","1133","27","135"
"Sherburne County, Minnesota","34356","32791","1565","27181","20807","6374","5419","27","141"
"Steele County, Minnesota","15710","14836","874","11393","7077","4316","3313","27","147"
"Todd County, Minnesota","13282","9888","3394","8313","4210","4103","1364","27","153"